0, -22, 1039, 65, 1041, 7, 12, -5, 0, 1, 0
1, 20, 1007, 92, 1012, 1, 7, -5, 0, 1, -1
2, -61, 1096, 25, 1098, -1, 4, -2, 0, 2, -1
3, -59, 1050, 47, 1053, -4, 3, -1, 0, 2, -1
4, -60, 1050, 48, 1053, -7, 0, 0, 0, 2, -1
5, -54, 1062, 60, 1065, -11, -2, 1, -1, 2, -1
6, -46, 1046, 80, 1050, -10, -2, 3, -2, 2, -1
7, -12, 1028, 100, 1033, -7, -3, 2, -3, 1, 0
8, 13, 1034, 107, 1040, -3, -2, 1, -3, 1, 0
9, 27, 1045, 78, 1048, -1, 0, 0, -3, 1, 0
10, 0, 1046, 67, 1048, -2, 4, -1, -3, 2, 0
11, -35, 1057, 59, 1059, -6, 4, 0, -4, 2, 0
12, -56, 1056, 70, 1060, -8, 1, 0, -5, 2, 0
13, -31, 1031, 93, 1035, -8, -2, 1, -6, 2, 0
14, -19, 1027, 104, 1033, -4, -2, 1, -6, 2, 0
15, -23, 1037, 99, 1042, -4, -1, 1, -6, 2, 0
16, -28, 1036, 97, 1041, -3, 0, 1, -7, 2, 0
17, -34, 1029, 78, 1032, 0, 0, 0, -7, 2, 0
18, -42, 1052, 58, 1055, 0, -1, 0, -7, 1, 0
19, -55, 1058, 81, 1062, 0, -5, 1, -7, 1, 0
20, -52, 1063, 143, 1074, -3, -11, 3, -7, 0, 0
21, -30, 1113, 157, 1124, -11, -22, 6, -8, -2, 1
22, -50, 1076, 135, 1085, -24, -40, 8, -10, -6, 2
23, -48, 991, 88, 996, -19, -61, 8, -12, -12, 2
24, 4, 948, 32, 949, -6, -81, 9, -13, -20, 3
25, -1, 966, 29, 966, -15, -100, -14, -14, -30, 2
26, 149, 1017, 2, 1028, 0, -109, -11, -14, -41, 1
27, 93, 1015, -12, 1020, -9, -104, -19, -15, -51, 0
28, 135, 1042, -62, 1053, -27, -76, -21, -17, -59, -2
29, 163, 1063, -2, 1075, -35, -45, -27, -20, -64, -5
30, 84, 1104, 83, 1110, -42, -11, -46, -24, -65, -10
31, -45, 1142, 197, 1160, -56, -8, -48, -29, -66, -15
32, -124, 994, 290, 1043, -51, -17, -51, -34, -67, -20
33, -149, 882, 329, 953, -27, -30, -47, -36, -71, -25
34, -155, 917, 341, 991, -2, -47, -36, -37, -75, -29
35, -155, 1004, 278, 1053, 13, -63, -24, -35, -82, -31
36, -148, 1026, 225, 1061, 20, -74, -18, -34, -89, -33
37, -113, 1045, 156, 1062, 26, -79, -15, -31, -97, -34
38, -98, 1084, 111, 1095, 26, -75, -12, -29, -105, -36
39, -47, 1071, 109, 1077, 18, -67, -12, -27, -112, -37
40, -38, 1064, 121, 1072, 21, -55, -11, -25, -117, -38
41, -108, 1099, 145, 1114, 26, -55, -15, -23, -123, -39
42, -168, 998, 260, 1045, 38, -64, -16, -19, -129, -41
43, -215, 914, 248, 971, 65, -77, -7, -13, -137, -42
44, -146, 1023, 128, 1042, 84, -91, 0, -6, -146, -42
45, -52, 1053, 20, 1054, 81, -91, 5, 1, -155, -41
46, 19, 1141, -40, 1142, 66, -88, 4, 7, -164, -41
47, -16, 1184, -60, 1186, 36, -86, 1, 10, -173, -41
48, -37, 1127, 23, 1128, 18, -104, 3, 11, -183, -40
49, -36, 1040, 65, 1043, 17, -126, -4, 13, -196, -41
50, -49, 991, 46, 993, 15, -137, -3, 15, -211, -41
51, -41, 1051, 28, 1052, 16, -146, -1, 16, -225, -41
52, -4, 1025, 33, 1026, 10, -148, -3, 17, -240, -42
53, 19, 1016, 72, 1019, 7, -139, -7, 18, -254, -42
54, -82, 1074, 10, 1077, 4, -141, -17, 18, -268, -44
55, -224, 886, 61, 916, -9, -146, -2, 17, -283, -44
56, -230, 1044, 110, 1075, -10, -168, 3, 16, -300, -44
57, -244, 1067, 98, 1099, -9, -189, 3, 15, -319, -44
58, -213, 1050, 55, 1073, -16, -216, 4, 14, -340, -43
59, -99, 1078, -21, 1083, -29, -236, 1, 11, -364, -43
60, -29, 1075, -51, 1076, -44, -260, -5, 7, -390, -44
61, -13, 984, -39, 985, -52, -291, -4, 3, -419, -44
62, 80, 1037, -22, 1040, -64, -314, -7, -2, -451, -45
63, 134, 1059, -7, 1067, -71, -326, -5, -9, -483, -46
64, 114, 1002, -43, 1010, -87, -345, -5, -17, -518, -46
65, 18, 1011, 66, 1014, -89, -376, -3, -25, -556, -46
66, -70, 1026, 168, 1042, -84, -421, -4, -32, -598, -47
67, 127, 986, 368, 1060, -20, -459, 14, -34, -648, -45
68, 461, 1247, 84, 1332, 3, -411, 3, -34, -689, -45
69, 337, 1062, -1, 1114, -13, -341, -4, -35, -724, -45
70, 143, 956, 150, 978, -31, -328, -6, -38, -756, -46
71, 55, 1028, 193, 1048, -22, -338, -8, -40, -790, -47
72, 87, 996, 206, 1021, -8, -344, -17, -41, -825, -48
73, -8, 1077, 91, 1081, 7, -303, -7, -40, -855, -49
74, 30, 1090, 109, 1096, 10, -263, 2, -39, -882, -49
75, -126, 809, -309, 875, -2, -264, 10, -39, -908, -48
76, 178, 1128, -67, 1144, -12, -281, 23, -41, -936, -46
77, 141, 1092, -98, 1105, -28, -317, 14, -43, -968, -44
78, 88, 998, 62, 1004, -15, -319, 15, -45, -1000, -43
79, -103, 981, 147, 998, 6, -324, 21, -44, -1032, -40
80, -227, 1023, 198, 1067, 17, -330, 30, -42, -1065, -37
81, -3, 1072, 271, 1106, 19, -325, 38, -41, -1098, -34
82, -72, 939, 493, 1064, 25, -320, 21, -38, -1130, -31
83, 24, 1177, 191, 1193, 46, -331, 19, -34, -1163, -29
84, 270, 1131, -87, 1166, 61, -336, 2, -28, -1200, -29
85, 289, 1036, -266, 1108, 15, -312, 14, -27, -1231, -28
86, -10, 1070, -259, 1101, -26, -320, 28, -29, -1264, -25
87, -252, 1090, -78, 1121, -27, -384, 26, -31, -1302, -22
88, -66, 1114, 75, 1119, 0, -477, -39, -31, -1354, -27
89, 351, 969, 276, 1067, 45, -479, -30, -27, -1402, -30
90, 509, 1147, 200, 1271, 54, -378, -7, -22, -1440, -30
91, 173, 1117, 216, 1151, 52, -268, 2, -18, -1467, -30
92, -346, 1161, -1, 1212, 49, -280, -11, -13, -1495, -31
93, -298, 1065, 34, 1107, 45, -301, 16, -9, -1525, -29
94, -26, 1107, -75, 1110, 31, -324, 28, -6, -1558, -27
95, 111, 1307, -43, 1313, 16, -327, 20, -5, -1591, -25
96, 139, 1505, -2, 1512, -3, -332, 6, -5, -1624, -24
97, 185, 1539, -85, 1553, -48, -345, 6, -9, -1658, -23
98, 225, 1326, -291, 1377, -127, -333, -12, -21, -1692, -25
99, 77, 857, -407, 952, -188, -281, -46, -38, -1720, -29
100, -51, 716, -360, 803, -178, -256, -43, -54, -1746, -34
101, -125, 797, -279, 854, -141, -287, 1, -67, -1774, -33
102, 97, 868, -248, 908, -122, -325, 58, -78, -1807, -28
103, 519, 717, -231, 915, -94, -298, 73, -86, -1837, -20
104, 346, 689, -281, 821, -62, -225, 54, -92, -1859, -15
105, 77, 647, -260, 702, -43, -196, 35, -96, -1881, -11
106, 78, 774, -217, 808, -21, -213, 20, -98, -1902, -9
107, 242, 853, -357, 957, -2, -231, 13, -98, -1925, -7
108, 308, 915, -298, 1011, 8, -224, 18, -97, -1948, -5
109, 244, 1062, -285, 1126, 22, -242, 23, -95, -1972, -3
110, 268, 1040, -369, 1136, 19, -259, 44, -93, -1998, 0
111, 471, 897, -341, 1069, -19, -202, 77, -95, -2018, 8
112, 119, 827, -307, 891, -53, -145, 94, -100, -2033, 17
113, -119, 956, -677, 1177, -35, -111, 99, -103, -2044, 27
114, 10, 707, -380, 802, -15, -188, 120, -105, -2063, 39
115, -85, 1477, -530, 1572, 11, -221, 130, -104, -2085, 52
116, 516, 1282, -406, 1441, -30, -174, 125, -106, -2102, 65
117, 417, 1167, -187, 1254, -76, -141, 82, -113, -2117, 73
118, -292, 1247, 283, 1312, -107, -205, 21, -123, -2137, 75
119, 378, 1276, 8, 1331, -109, -183, -25, -133, -2155, 73
120, 333, 943, 27, 1001, -87, -163, -42, -141, -2172, 69
121, 137, 1032, -21, 1042, -56, -194, -64, -146, -2191, 62
122, 559, 1116, -20, 1249, -53, -165, -87, -150, -2209, 52
123, 804, 917, -138, 1227, -108, -56, 65, -160, -2215, 59
124, 180, 870, -131, 898, -51, -81, 77, -165, -2223, 67
125, 213, 1009, -126, 1039, -28, -82, 47, -167, -2232, 71
126, 254, 1053, -108, 1089, 24, -112, -20, -165, -2243, 69
127, -80, 1143, -261, 1175, 47, -145, -38, -161, -2257, 66
128, -84, 1198, -317, 1242, 29, -198, -34, -158, -2277, 62
129, 123, 994, -97, 1006, 15, -243, -53, -157, -2302, 57
130, 198, 1039, -189, 1075, 6, -283, -67, -156, -2330, 50
131, 91, 1194, -622, 1350, -28, -308, -77, -159, -2361, 42
132, 438, 1234, -992, 1643, -92, -378, -108, -167, -2399, 32
133, 188, 1020, -1108, 1518, -161, -535, -177, -182, -2452, 14
134, 146, 846, -882, 1231, -207, -668, -194, -200, -2519, -5
135, 42, 660, -594, 889, -203, -776, -184, -219, -2597, -23
136, 81, 561, -393, 690, -174, -876, -153, -234, -2684, -38
137, 99, 733, -275, 790, -148, -924, -93, -248, -2777, -48
138, 842, 1306, -75, 1556, -138, -881, -49, -260, -2865, -53
139, 699, 895, 209, 1155, -122, -751, -24, -272, -2948, -55
140, 1583, 1740, 338, 2377, -143, -494, -1, -285, -2997, -56
141, 697, 912, 704, 1347, -149, -278, 3, -299, -3025, -55
142, 482, 986, 797, 1357, -98, -206, -4, -308, -3045, -56
143, 192, 1006, 712, 1248, -37, -197, -29, -311, -3065, -59
144, -82, 1014, 508, 1138, -1, -217, -38, -311, -3087, -62
145, -141, 1111, 307, 1161, 13, -245, -23, -310, -3111, -65
146, -149, 1127, 226, 1159, 0, -282, 0, -310, -3140, -65
147, 36, 1039, 156, 1051, -19, -340, -6, -312, -3174, -65
148, 206, 1034, 150, 1065, -35, -394, -26, -315, -3213, -68
149, 237, 936, 179, 983, -37, -427, -56, -318, -3256, -74
150, 52, 814, 146, 829, -7, -452, -83, -319, -3301, -82
151, -59, 847, 220, 877, 10, -449, -101, -318, -3346, -92
152, -131, 929, 255, 973, 31, -430, -109, -315, -3389, -103
153, -163, 1028, 212, 1063, 39, -382, -96, -311, -3427, -113
154, -135, 1167, 73, 1177, 28, -328, -76, -309, -3460, -120
155, -135, 1077, -14, 1085, 5, -317, -63, -308, -3492, -127
156, -51, 1080, -19, 1082, -20, -343, -58, -311, -3530, -133
157, 49, 1036, 39, 1038, -43, -362, -58, -314, -3566, -139
158, -32, 1005, -18, 1006, -51, -391, -67, -319, -3605, -146
159, -346, -68, 369, 511, -54, -434, -56, -324, -3649, -151
160, 142, 1858, -260, 1882, -36, -484, -57, -327, -3697, -157
161, 337, 785, 50, 856, -68, -490, -85, -333, -3746, -166
162, 405, 955, 2, 1037, -68, -471, -155, -339, -3793, -181
163, 374, 1105, -3, 1167, -83, -459, -228, -347, -3839, -204
164, 327, 1170, -78, 1218, -104, -453, -263, -356, -3885, -231
165, 231, 1098, -54, 1124, -153, -429, -270, -370, -3927, -258
166, 297, 976, 271, 1056, -155, -361, -259, -384, -3964, -284
167, -956, 927, 530, 1433, -85, -145, -176, -392, -3978, -301
168, -1675, 1205, -254, 2079, -93, -157, -59, -400, -3994, -307
169, -353, 889, 933, 1336, -108, -222, -43, -410, -4016, -312
170, -87, 912, 565, 1077, -78, -234, -46, -417, -4040, -316
171, 13, 911, 493, 1036, -63, -203, -52, -423, -4060, -321
172, -49, 971, 400, 1051, -57, -182, -54, -428, -4078, -327
173, -278, 1021, 336, 1110, -56, -177, -52, -434, -4098, -333
174, -345, 1078, 268, 1164, -63, -191, -42, -439, -4117, -337
175, -281, 1024, 281, 1099, -66, -223, -33, -445, -4139, -340
176, -330, 1010, 196, 1081, -70, -244, -20, -452, -4164, -342
177, -418, 924, 275, 1051, -50, -267, -5, -456, -4193, -343
178, -175, 902, 286, 963, -16, -275, -35, -458, -4221, -346
179, -134, 972, 204, 1003, 32, -232, -66, -455, -4244, -353
180, -154, 819, 289, 883, 90, -159, -119, -447, -4260, -365
181, -817, 1384, 135, 1613, 128, -108, -166, -435, -4271, -382
182, -541, 893, 309, 1089, 188, -306, -106, -418, -4301, -392
183, -251, 1151, 281, 1211, 229, -500, -127, -397, -4351, -405
184, -191, 1269, 269, 1311, 226, -560, -100, -377, -4407, -415
185, -20, 1202, 226, 1223, 218, -588, -87, -357, -4466, -424
186, 220, 1088, 253, 1139, 224, -587, -80, -337, -4525, -432
187, 270, 1036, 281, 1107, 225, -529, -58, -317, -4578, -438
188, 102, 1199, 138, 1211, 168, -436, -53, -302, -4622, -443
189, -270, 1131, 103, 1167, 80, -428, -69, -294, -4664, -450
190, -282, 1059, 133, 1104, 46, -415, -25, -290, -4706, -452
191, -24, 724, -13, 725, 56, -405, 2, -285, -4746, -452
192, 230, 707, -307, 805, 48, -378, -2, -281, -4784, -452
193, 215, 659, -273, 745, 27, -310, -15, -278, -4815, -454
194, 43, 753, -197, 780, 20, -278, -45, -277, -4846, -459
195, -26, 831, -107, 838, 47, -301, -62, -272, -4876, -465
196, -93, 935, -103, 945, 82, -358, -68, -265, -4912, -472
197, 104, 1190, 30, 1195, 92, -443, -59, -257, -4956, -478
198, 381, 1275, 87, 1334, 92, -504, -29, -248, -5007, -481
199, 560, 1047, 167, 1199, 36, -456, 73, -245, -5052, -474
200, 674, 984, -202, 1209, 14, -417, 113, -244, -5094, -462
201, -221, 1046, -523, 1191, -31, -441, 133, -247, -5138, -449
202, -64, 1094, -378, 1160, -88, -521, 132, -255, -5190, -436
203, 57, 1056, 17, 1058, -82, -532, 102, -262, -5244, -426
204, 166, 1068, 41, 1082, -58, -526, 39, -267, -5296, -422
205, 282, 861, 103, 912, -52, -502, -52, -272, -5347, -427
206, 500, 1064, 192, 1192, -27, -427, -103, -275, -5389, -437
207, 282, 1194, 125, 1233, -54, -365, -114, -279, -5426, -449
208, 109, 1073, -174, 1093, -126, -355, -80, -291, -5462, -457
209, 281, 939, -371, 1048, -128, -309, -24, -302, -5492, -459
210, 472, 857, -259, 1012, -115, -248, 28, -313, -5517, -456
211, 462, 893, -207, 1027, -58, -200, 26, -318, -5539, -453
212, 164, 1044, -152, 1068, 0, -180, 21, -318, -5557, -451
213, 288, 1284, 240, 1337, -21, -163, 34, -320, -5574, -448
214, 16, 1115, 343, 1166, -63, -141, 30, -326, -5588, -445
215, -104, 1078, 257, 1113, -65, -175, 20, -332, -5605, -443
216, 0, 1004, 138, 1013, -22, -227, -5, -334, -5628, -443
217, 573, 903, -204, 1089, 75, -239, -31, -327, -5652, -446
218, 27, 1191, -67, 1193, 90, -157, -50, -319, -5668, -451
219, 27, 1239, -99, 1244, 59, -130, -45, -313, -5681, -456
220, 63, 1052, -3, 1054, 17, -175, -18, -312, -5698, -458
221, 336, 986, 195, 1060, 13, -216, 11, -311, -5720, -457
222, 348, 962, -42, 1024, 33, -203, 33, -308, -5740, -453
223, 227, 960, -163, 1000, 43, -189, 36, -304, -5759, -450
224, 240, 861, -205, 917, 61, -188, 41, -298, -5778, -446
225, 275, 792, -236, 871, 104, -175, 6, -289, -5796, -445
226, 36, 1138, -340, 1188, 123, -195, -77, -278, -5815, -453
227, -515, 1201, -342, 1351, 127, -266, -97, -266, -5842, -462
228, 9, 1820, -1113, 2134, 13, -350, -131, -265, -5880, -477
229, 235, 1769, -1213, 2158, -150, -382, -124, -278, -5919, -489
230, 520, 1253, -698, 1526, -259, -362, -91, -302, -5955, -498
231, 695, 817, -145, 1082, -294, -317, -78, -328, -5987, -506
232, 777, 505, 285, 970, -256, -264, -84, -351, -6013, -515
233, 479, 570, 414, 852, -188, -206, -78, -368, -6034, -523
234, -17, 810, 368, 890, -133, -181, -76, -380, -6052, -530
235, -296, 928, 336, 1031, -92, -202, -73, -389, -6072, -538
236, -421, 1134, 218, 1229, -88, -242, -61, -397, -6096, -544
237, -491, 1185, 182, 1296, -103, -286, -59, -406, -6125, -550
238, -281, 1135, 206, 1188, -130, -359, -73, -418, -6161, -557
239, 135, 974, 354, 1045, -154, -415, -107, -432, -6203, -568
240, 368, 700, 497, 934, -144, -424, -133, -445, -6245, -581
241, 514, 544, 513, 908, -80, -373, -130, -452, -6282, -594
242, 312, 736, 420, 904, -11, -263, -109, -453, -6309, -605
243, -89, 1053, 212, 1078, 18, -178, -75, -451, -6326, -613
244, -431, 1308, 31, 1378, -1, -158, -58, -451, -6342, -618
245, -555, 1318, 26, 1430, -52, -202, -52, -457, -6365, -624
246, -284, 1208, 192, 1255, -92, -261, -57, -465, -6391, -630
247, -181, 1026, 356, 1101, -103, -282, -58, -474, -6419, -636
248, -195, 984, 429, 1092, -90, -299, -72, -482, -6449, -643
249, -93, 944, 413, 1035, -73, -310, -86, -489, -6480, -652
250, 2, 870, 435, 973, -57, -307, -90, -494, -6511, -661
251, 69, 861, 314, 919, -31, -290, -81, -497, -6540, -669
252, 1377, 1080, -1741, 2469, -79, -259, -136, -504, -6566, -683
253, -114, 162, 843, 866, -276, -223, -126, -529, -6588, -695
254, 188, 929, 732, 1198, -173, -164, -50, -545, -6605, -700
255, -343, 315, 905, 1019, -105, -129, -38, -554, -6618, -704
256, 22, 497, 1037, 1150, -43, -145, -40, -558, -6632, -708
257, 118, 512, 915, 1055, 7, -175, -74, -557, -6650, -716
258, 132, 643, 767, 1009, 46, -190, -96, -553, -6669, -725
259, 97, 749, 557, 939, 83, -184, -100, -546, -6687, -735
260, 17, 1092, 150, 1103, 102, -173, -101, -536, -6705, -746
261, -340, 1023, 273, 1113, 75, -252, -166, -530, -6730, -762
262, -503, 920, 580, 1198, 53, -341, -208, -524, -6767, -785
263, -601, 909, 654, 1271, 36, -414, -223, -521, -6809, -807
264, -658, 889, 643, 1279, 24, -415, -168, -519, -6850, -824
265, -366, 1596, 350, 1675, 59, -333, -29, -513, -6884, -827
266, 301, 916, -11, 964, 70, -222, 19, -507, -6908, -825
267, 318, 1022, 44, 1072, 96, -97, 131, -498, -6918, -812
268, 82, 1296, 41, 1299, 105, -37, 115, -489, -6922, -800
269, -439, 1588, -27, 1648, 56, -109, 81, -484, -6932, -792
270, -316, 1675, -275, 1727, -31, -204, 58, -487, -6953, -786
271, -136, 1073, 66, 1084, -79, -255, 41, -494, -6978, -782
272, 183, 1001, 295, 1060, -79, -302, 13, -501, -7009, -781
273, 502, 1014, 400, 1201, -83, -321, -18, -508, -7041, -783
274, 398, 833, 328, 980, -68, -261, -34, -515, -7067, -786
275, 397, 814, 432, 1004, -59, -229, -41, -520, -7090, -790
276, 342, 770, 446, 954, -21, -172, -51, -522, -7107, -796
277, 541, 845, 493, 1118, 24, -115, -53, -520, -7119, -801
278, 594, 770, 693, 1194, 69, -35, -49, -513, -7123, -806
279, 377, 637, 835, 1116, 99, -13, -75, -504, -7124, -813
280, 274, 781, 857, 1192, 124, -50, -109, -493, -7129, -824
281, 51, 1027, 520, 1153, 129, -60, -112, -482, -7135, -836
282, -22, 1108, 284, 1145, 124, -54, -87, -470, -7140, -844
283, 16, 962, 216, 986, 115, -58, -74, -460, -7147, -853
284, 174, 962, 211, 1000, 99, -95, -93, -451, -7156, -862
285, 84, 1063, 141, 1076, 53, -156, -112, -446, -7172, -873
286, -267, 1262, 243, 1313, 14, -208, -91, -445, -7193, -882
287, -169, 1194, 95, 1210, -35, -263, -75, -448, -7219, -890
288, 183, 940, 181, 975, -37, -257, -79, -452, -7245, -898
289, 682, 770, 327, 1080, 3, -170, -88, -451, -7262, -907
290, 429, 1065, 189, 1164, 65, -50, -92, -445, -7267, -916
291, 11, 1111, 133, 1119, 43, -27, -87, -441, -7270, -925
292, -227, 523, 527, 776, 7, -116, -103, -441, -7281, -935
293, -404, 1575, 517, 1706, -21, -259, -131, -443, -7307, -949
294, -344, 875, 276, 980, 10, -245, -97, -442, -7332, -958
295, 75, 1122, -70, 1127, 29, -173, -62, -439, -7349, -965
296, 178, 1047, -45, 1063, 25, -123, -58, -437, -7362, -970
297, 15, 1155, -172, 1168, 2, -109, -64, -437, -7372, -977
298, -131, 1069, 84, 1080, -38, -140, -69, -440, -7386, -984
299, -375, 1130, 162, 1201, -62, -174, -55, -446, -7404, -989
300, -599, 1229, 206, 1382, -76, -208, -29, -453, -7427, -993
301, -559, 1248, 305, 1401, -94, -259, -20, -461, -7453, -995
302, -390, 1191, 338, 1298, -107, -293, -21, -471, -7482, -997
303, -161, 1107, 389, 1184, -107, -309, -29, -480, -7513, -1000
304, -167, 1120, 377, 1194, -103, -333, -59, -490, -7546, -1006
305, -379, 1067, 365, 1190, -92, -368, -87, -498, -7583, -1014
306, -557, 1049, 75, 1190, -36, -447, -56, -501, -7628, -1020
307, 63, 793, 208, 823, 23, -491, -60, -499, -7677, -1026
308, -197, 1163, 67, 1182, 52, -295, 0, -494, -7707, -1026
309, -211, 1358, 10, 1375, 13, -171, -79, -493, -7724, -1034
310, -417, 1210, 19, 1280, -40, -108, -129, -497, -7735, -1047
311, -532, 1202, -35, 1315, -56, -143, -145, -502, -7749, -1062
312, -352, 1148, -2, 1201, -32, -214, -142, -505, -7771, -1076
313, -83, 1043, 96, 1051, -2, -245, -151, -505, -7795, -1091
314, -31, 963, 185, 981, 29, -257, -164, -503, -7821, -1107
315, -147, 944, 342, 1015, 53, -281, -165, -498, -7849, -1124
316, -350, 923, 408, 1069, 78, -338, -152, -491, -7883, -1139
317, -79, 912, 178, 933, 133, -446, -81, -477, -7932, -1148
318, 665, 1073, 277, 1292, 85, -567, 75, -470, -7989, -1141
319, 370, 686, 270, 825, 9, -612, 141, -469, -8050, -1126
320, 944, 564, -112, 1105, 22, -495, 178, -467, -8099, -1109
321, 999, 552, -183, 1156, 54, -300, 87, -462, -8129, -1100
322, 640, 314, -155, 730, 56, -148, 27, -457, -8144, -1097
323, 171, 487, -195, 552, 67, -46, 2, -451, -8149, -1097
324, -132, 806, -16, 817, 85, -62, -11, -443, -8155, -1098
325, 4, 1103, 289, 1140, 64, -106, -12, -437, -8166, -1099
326, 214, 1105, 305, 1167, 27, -123, -13, -434, -8178, -1101
327, 357, 943, 321, 1059, 7, -134, -27, -434, -8192, -1103
328, 390, 963, 331, 1090, 3, -122, -32, -433, -8204, -1107
329, 324, 1016, 356, 1125, 28, -119, -29, -431, -8216, -1110
330, 291, 1142, 240, 1203, 37, -140, -22, -427, -8230, -1112
331, 288, 1250, 84, 1285, 26, -185, -21, -425, -8248, -1114
332, -493, 1908, 734, 2104, -47, -267, -28, -429, -8275, -1117
333, 208, 1138, 175, 1170, -76, -287, -1, -436, -8304, -1117
334, 446, 1170, -79, 1255, -77, -280, -19, -444, -8335, -1119
335, 343, 1091, -108, 1148, -85, -262, -27, -452, -8361, -1122
336, 226, 1119, -96, 1146, -107, -264, -12, -461, -8388, -1123
337, 70, 1220, -128, 1229, -130, -275, -11, -473, -8415, -1124
338, 265, 1105, -149, 1146, -177, -323, -6, -489, -8448, -1125
339, 510, 962, 219, 1111, -171, -283, -13, -505, -8476, -1126
340, 683, 931, 342, 1204, -137, -217, -52, -517, -8498, -1131
341, 628, 877, 374, 1142, -117, -175, -87, -528, -8515, -1140
342, 473, 756, 531, 1038, -77, -136, -104, -534, -8529, -1151
343, 133, 781, 563, 972, -32, -95, -94, -537, -8538, -1160
344, 32, 899, 394, 983, -9, -81, -80, -538, -8546, -1168
345, 46, 991, 252, 1024, -16, -115, -87, -540, -8558, -1177
346, -13, 968, 155, 981, -7, -204, -107, -540, -8578, -1188
347, -83, 1013, 110, 1022, 7, -306, -141, -540, -8609, -1202
348, -41, 1114, -85, 1118, -8, -450, -186, -541, -8654, -1220
349, 368, 1136, -184, 1209, -43, -530, -211, -545, -8707, -1241
350, 399, 1140, 106, 1212, -61, -491, -195, -550, -8756, -1261
351, 260, 1015, 259, 1080, -68, -419, -174, -557, -8803, -1280
352, 121, 968, 330, 1030, -66, -356, -158, -563, -8838, -1296
353, -80, 979, 271, 1020, -50, -326, -149, -567, -8871, -1311
354, -198, 997, 148, 1027, -35, -349, -155, -571, -8906, -1327
355, -210, 1086, 77, 1109, -29, -398, -166, -573, -8950, -1345
356, -149, 1135, 90, 1148, -30, -406, -153, -576, -8990, -1360
357, -85, 1205, 162, 1219, -25, -374, -129, -578, -9028, -1373
358, -18, 1180, 177, 1193, -38, -322, -105, -582, -9060, -1384
359, -30, 1033, 347, 1091, -54, -285, -94, -587, -9088, -1393
360, -38, 875, 569, 1044, -42, -239, -79, -590, -9112, -1401
361, -69, 818, 603, 1019, -13, -175, -42, -592, -9130, -1405
362, -53, 918, 460, 1028, 2, -111, 0, -591, -9141, -1405
363, -213, 1029, 192, 1069, 5, -87, 21, -591, -9150, -1403
364, -17, 747, -83, 752, -8, -118, 3, -592, -9162, -1403
365, -257, 1376, 286, 1429, -11, -198, -20, -593, -9182, -1405
366, -73, 763, 20, 767, 6, -221, -33, -592, -9204, -1408
367, -296, 901, 154, 961, -9, -272, -41, -593, -9231, -1412
368, 316, 729, 386, 884, 8, -281, -27, -592, -9259, -1415
369, -177, 1037, -202, 1072, -4, -357, -8, -593, -9295, -1416
370, 74, 955, 316, 1009, 1, -382, -34, -592, -9333, -1419
371, 52, 800, 450, 920, 47, -368, -46, -588, -9370, -1424
372, 204, 995, 256, 1048, 76, -390, -62, -581, -9413, -1431
373, 608, 1138, 310, 1327, 83, -380, -91, -574, -9451, -1440
374, 1027, 1271, 388, 1680, 68, -292, -110, -568, -9480, -1451
375, 454, 1110, 265, 1229, 28, -199, -96, -565, -9500, -1461
376, -38, 1111, 138, 1120, -31, -202, -29, -568, -9521, -1464
377, -42, 1152, 149, 1163, -71, -247, 3, -574, -9545, -1463
378, 24, 957, 268, 994, -50, -291, -26, -579, -9575, -1466
379, 77, 847, 113, 858, 29, -342, -73, -576, -9609, -1473
380, 135, 1096, 57, 1106, 57, -387, -115, -571, -9648, -1485
381, 274, 1309, -33, 1338, 47, -430, -137, -567, -9691, -1499
382, 384, 1160, -19, 1222, 25, -438, -136, -565, -9734, -1512
383, 185, 1062, 64, 1080, 0, -413, -126, -565, -9776, -1525
384, 173, 1084, 165, 1110, -39, -408, -101, -568, -9817, -1535
385, 287, 997, 170, 1051, -75, -371, -77, -575, -9854, -1543
386, 295, 1005, 159, 1060, -93, -321, -40, -583, -9886, -1547
387, 301, 961, 162, 1020, -85, -274, -19, -591, -9913, -1549
388, 116, 843, 149, 864, -66, -230, -7, -597, -9936, -1550
389, 58, 945, 178, 964, -31, -228, -14, -600, -9962, -1551
390, -35, 968, 105, 975, -4, -226, -30, -600, -9984, -1554
391, -2, 1040, 148, 1050, 8, -219, -41, -599, -10006, -1558
392, -56, 979, 125, 989, 2, -198, -56, -599, -10026, -1564
393, -263, 1087, 319, 1163, 16, -218, -93, -598, -10048, -1573
394, -551, 1322, 365, 1478, -65, -328, -173, -604, -10081, -1591
395, -461, 975, 32, 1079, -32, -344, -250, -607, -10115, -1616
396, -459, 1314, 120, 1397, -54, -371, -258, -612, -10152, -1642
397, -305, 1340, 100, 1378, -109, -380, -222, -621, -10190, -1664
398, -16, 952, 568, 1108, -156, -370, -168, -636, -10227, -1681
399, -174, 560, 4, 587, -156, -347, -102, -650, -10262, -1691
400, -17, 573, 138, 589, -80, -347, -91, -657, -10297, -1700
401, 129, 815, 286, 874, -3, -317, -104, -657, -10329, -1710
402, 321, 1247, 353, 1335, 29, -281, -128, -655, -10357, -1723
403, 213, 1278, 166, 1307, -13, -225, -131, -656, -10379, -1737
404, 152, 848, 272, 903, -65, -191, -91, -662, -10399, -1746
405, 107, 642, 390, 759, -64, -202, -66, -667, -10419, -1752
406, -44, 689, 357, 778, -46, -219, -77, -672, -10443, -1761
407, -128, 797, 420, 910, -37, -220, -105, -675, -10465, -1771
408, -92, 651, 533, 847, -21, -191, -115, -677, -10484, -1783
409, -297, 592, 590, 887, 12, -176, -121, -676, -10502, -1795
410, -270, 1625, 89, 1650, 125, -154, -105, -665, -10517, -1806
411, -179, 1455, -134, 1472, 75, -129, -17, -658, -10530, -1807
412, -457, 1051, 322, 1191, 57, -127, -32, -653, -10543, -1811
413, -517, 972, 393, 1170, 65, -163, -21, -647, -10559, -1813
414, -169, 948, 363, 1029, 64, -162, 12, -641, -10576, -1812
415, 437, 917, 335, 1070, 79, -119, 1, -634, -10588, -1811
416, 187, 1164, -91, 1182, 53, -74, -17, -630, -10595, -1813
417, -306, 1213, -177, 1264, -15, -109, -29, -631, -10606, -1816
418, -779, 946, 329, 1269, -57, -166, -6, -636, -10623, -1817
419, -552, 958, 545, 1233, -41, -230, 10, -640, -10646, -1816
420, -398, 907, 507, 1113, 3, -274, 1, -640, -10673, -1816
421, -305, 923, 291, 1015, 38, -300, 8, -636, -10703, -1815
422, -71, 1098, 131, 1108, 34, -309, 16, -633, -10734, -1813
423, 124, 1156, 55, 1164, -1, -308, 3, -633, -10768, -1813
424, -77, 808, -71, 814, -37, -276, -5, -636, -10796, -1813
425, 5, 978, -78, 981, -56, -289, 33, -641, -10825, -1810
426, 35, 1207, 285, 1241, -102, -240, 43, -651, -10849, -1806
427, 188, 1101, 704, 1320, -108, -200, 32, -661, -10869, -1802
428, 249, 881, 829, 1235, -80, -188, 6, -668, -10888, -1802
429, 146, 708, 783, 1066, -21, -185, -6, -670, -10906, -1802
430, 120, 781, 673, 1038, 23, -181, 3, -668, -10924, -1802
431, 337, 815, 587, 1060, 50, -152, 19, -663, -10940, -1800
432, 486, 861, 507, 1111, 75, -109, 21, -656, -10951, -1798
433, 458, 907, 342, 1072, 99, -66, 12, -647, -10957, -1797
434, 364, 973, 151, 1050, 103, -41, 10, -638, -10961, -1796
435, 244, 1191, -32, 1216, 83, -42, 7, -630, -10966, -1795
436, 220, 1173, -113, 1199, 39, -69, -3, -627, -10973, -1795
437, 209, 1172, -52, 1191, 5, -99, -17, -626, -10983, -1797
438, 184, 1137, -22, 1152, -15, -120, -25, -628, -10995, -1799
439, 210, 1113, -44, 1133, -34, -128, -25, -631, -11007, -1802
440, 332, 1091, -36, 1141, -63, -125, -18, -637, -11021, -1804
441, 491, 966, 85, 1087, -80, -96, -20, -644, -11031, -1806
442, 546, 878, 247, 1063, -77, -48, -29, -651, -11036, -1809
443, 481, 835, 368, 1032, -53, 6, -32, -656, -11035, -1812
444, 125, 392, 558, 694, -31, 70, -6, -659, -11027, -1813
445, 122, 1178, 435, 1262, 1, 132, 90, -659, -11014, -1804
446, 62, 793, 485, 932, 35, 121, 30, -656, -11002, -1801
447, -248, 932, 90, 969, 39, 123, 68, -652, -10990, -1794
448, 269, 1192, 278, 1253, 24, 126, 62, -650, -10977, -1788
449, 321, 1089, 239, 1161, 13, 151, 33, -649, -10962, -1784
450, 281, 988, 219, 1050, 12, 180, 22, -648, -10944, -1782
451, 162, 990, 212, 1025, 19, 193, 15, -646, -10924, -1781
452, 17, 1026, 281, 1064, 27, 194, 8, -643, -10905, -1780
453, -39, 937, 377, 1011, 35, 180, 5, -640, -10887, -1779
454, -148, 906, 385, 995, 37, 169, 24, -637, -10870, -1777
455, -166, 1035, 390, 1118, 30, 151, 55, -634, -10855, -1771
456, -108, 1178, 381, 1243, 19, 116, 53, -632, -10843, -1766
457, -31, 1107, 363, 1165, 6, 86, 36, -632, -10834, -1762
458, 62, 1039, 377, 1107, 0, 89, 35, -632, -10825, -1759
459, 143, 1029, 414, 1118, -2, 113, 40, -632, -10814, -1755
460, 130, 1069, 424, 1157, -3, 137, 41, -632, -10800, -1751
461, 35, 1098, 363, 1157, -8, 153, 43, -633, -10783, -1746
462, -43, 1074, 305, 1117, -21, 149, 48, -635, -10768, -1741
463, -130, 1006, 310, 1061, -24, 127, 47, -637, -10756, -1736
464, -121, 982, 363, 1054, -23, 83, 49, -639, -10747, -1731
465, 198, 995, 350, 1074, -28, 40, 37, -642, -10743, -1727
466, 208, 891, 429, 1011, -29, 29, 22, -644, -10740, -1725
467, 69, 771, 517, 931, -11, 42, 42, -645, -10736, -1721
468, 85, 798, 560, 978, 29, 43, 54, -643, -10732, -1716
469, 148, 881, 464, 1007, 62, 35, 42, -637, -10728, -1711
470, 86, 873, 398, 964, 83, 41, 49, -630, -10724, -1706
471, 147, 940, 291, 995, 90, 35, 51, -621, -10721, -1701
472, 225, 956, 199, 1002, 86, 27, 44, -614, -10718, -1697
473, 258, 1035, 98, 1071, 69, 26, 44, -607, -10715, -1692
474, 287, 1014, 81, 1057, 40, 21, 37, -604, -10713, -1689
475, 305, 1023, 116, 1074, 18, 9, 24, -602, -10712, -1686
476, 316, 1004, 160, 1065, -2, 4, 14, -602, -10712, -1685
477, 282, 964, 213, 1027, -18, 1, 8, -604, -10712, -1684
478, 293, 945, 248, 1020, -27, -3, 3, -607, -10712, -1683
479, 306, 952, 262, 1034, -35, -1, 0, -610, -10712, -1683
480, 302, 915, 288, 1006, -37, 7, -4, -613, -10711, -1684
481, 258, 920, 333, 1012, -33, 14, -9, -616, -10710, -1685
482, 238, 932, 364, 1028, -33, 13, -11, -619, -10709, -1686
483, 237, 949, 376, 1048, -32, 7, -17, -622, -10708, -1687
484, 196, 997, 350, 1075, -35, 1, -22, -625, -10708, -1690
485, 187, 1015, 376, 1099, -45, 3, -23, -629, -10707, -1692
486, 130, 981, 445, 1085, -49, 11, -21, -634, -10706, -1694
487, 87, 917, 519, 1057, -39, 12, -19, -637, -10705, -1696
488, 93, 906, 564, 1071, -20, 12, -14, -639, -10704, -1698
489, 114, 914, 552, 1074, -1, 14, -8, -639, -10702, -1698
490, 105, 975, 474, 1089, 13, 12, -6, -638, -10701, -1699
491, 107, 1015, 377, 1088, 14, 4, -4, -637, -10701, -1699
492, 177, 1000, 336, 1070, 12, 0, -3, -636, -10701, -1700
493, 179, 1065, 278, 1115, 3, -8, -10, -635, -10702, -1701
494, 242, 1026, 313, 1100, -13, -17, -20, -637, -10703, -1703
495, 116, 872, 438, 982, 0, 7, -8, -637, -10702, -1704
496, 113, 1031, 429, 1122, 10, 0, -10, -636, -10702, -1705
