0, -42, 965, 217, 990, 21, 9, -8, 1, 0, 0
1, -77, 1085, 57, 1090, 25, 7, -11, 4, 1, -2
2, -72, 1045, 169, 1061, 23, 13, -15, 6, 2, -3
3, -33, 969, 206, 991, 39, 15, -17, 9, 4, -5
4, 46, 1089, 0, 1090, 39, 12, -20, 13, 5, -7
5, -37, 1111, -97, 1116, 15, 7, -26, 14, 6, -10
6, -54, 1066, -20, 1068, -4, 0, -27, 14, 6, -12
7, -57, 1019, 103, 1026, -9, 1, -25, 13, 6, -15
8, 9, 987, 153, 998, 0, 10, -21, 13, 7, -17
9, 2, 1026, 101, 1031, 17, 32, -21, 15, 10, -19
10, -117, 1121, 10, 1127, 14, 42, -25, 16, 15, -22
11, -205, 1125, 42, 1145, -3, 29, -22, 16, 18, -24
12, -205, 1062, 122, 1089, -11, 15, -15, 15, 20, -26
13, -183, 1021, 166, 1051, -7, 8, -9, 14, 20, -27
14, -195, 1020, 185, 1054, 2, 1, -5, 14, 20, -27
15, -152, 1045, 178, 1071, 6, -3, -4, 15, 20, -28
16, -124, 1043, 138, 1060, 11, -5, -6, 16, 20, -28
17, -144, 1074, 77, 1087, 10, -7, -7, 17, 19, -29
18, -167, 1119, 54, 1133, 5, -8, 0, 17, 18, -29
19, -163, 1098, 52, 1111, 0, -12, 7, 17, 17, -28
20, -110, 1036, 57, 1043, -6, -14, 15, 17, 15, -27
21, -44, 1005, 33, 1007, -3, -14, 15, 16, 14, -25
22, -13, 1032, -6, 1032, -9, -14, 13, 16, 12, -24
23, 54, 978, 53, 981, -11, -12, 9, 15, 11, -23
24, 10, 988, 94, 993, -9, -6, 2, 14, 10, -23
25, -58, 1008, 135, 1018, -6, -3, -3, 13, 10, -23
26, -105, 1013, 120, 1026, 1, -2, -4, 13, 10, -24
27, -130, 1068, 46, 1077, 7, 1, -3, 14, 10, -24
28, -169, 1103, 37, 1116, 3, 3, -1, 14, 10, -24
29, -171, 1041, 100, 1059, 1, 3, 0, 14, 11, -24
30, -124, 1047, 73, 1057, 3, 6, 0, 15, 11, -24
31, -153, 1062, 76, 1076, -1, 9, -5, 15, 12, -25
32, -257, 1074, 126, 1112, -1, 11, -6, 14, 13, -25
33, -378, 1085, 163, 1161, 0, 11, 0, 15, 15, -25
34, -357, 1076, 128, 1141, 8, 16, 7, 15, 16, -24
35, -389, 1104, 37, 1171, 14, 30, 12, 17, 19, -23
36, -435, 1125, 11, 1206, 5, 27, 16, 17, 22, -22
37, -385, 1091, 15, 1157, -1, 30, 18, 17, 25, -20
38, -379, 1094, 52, 1159, -3, 48, 9, 17, 30, -19
39, -637, 1076, 210, 1269, -2, 73, -5, 16, 37, -19
40, -894, 1081, 273, 1429, 4, 73, -3, 17, 45, -20
41, -940, 1145, 230, 1500, 9, 65, 10, 18, 51, -18
42, -899, 1174, 202, 1493, 5, 61, 21, 18, 57, -16
43, -900, 1146, 246, 1478, 0, 59, 27, 18, 63, -14
44, -955, 1107, 307, 1494, -2, 58, 33, 18, 69, -10
45, -963, 1068, 373, 1486, -4, 63, 40, 18, 76, -6
46, -890, 956, 398, 1366, 0, 73, 42, 18, 83, -2
47, -792, 952, 360, 1290, 6, 85, 38, 18, 92, 1
48, -726, 928, 309, 1218, 6, 96, 31, 19, 102, 4
49, -621, 878, 279, 1111, 3, 104, 23, 19, 113, 7
50, -491, 880, 247, 1038, 0, 116, 12, 19, 124, 8
51, -425, 899, 284, 1034, -3, 130, -3, 19, 137, 8
52, -344, 899, 317, 1014, 3, 145, -27, 19, 152, 5
53, -465, 937, 393, 1118, 14, 157, -50, 20, 168, 0
54, -700, 995, 430, 1291, 26, 153, -61, 23, 183, -5
55, -713, 1055, 343, 1319, 34, 144, -64, 26, 197, -12
56, -712, 1210, 213, 1420, 32, 151, -59, 29, 213, -18
57, -852, 1375, 200, 1630, 12, 160, -41, 30, 229, -22
58, -1001, 1426, 364, 1780, -17, 150, -6, 28, 244, -22
59, -880, 1357, 533, 1703, -41, 118, 37, 24, 255, -19
60, -508, 1208, 645, 1461, -47, 90, 64, 20, 265, -12
61, -201, 1056, 729, 1299, -35, 89, 67, 17, 273, -6
62, -24, 841, 766, 1137, -2, 105, 55, 17, 284, 0
63, 17, 780, 654, 1018, 37, 130, 41, 20, 297, 3
64, -30, 818, 413, 917, 55, 141, 31, 25, 311, 6
65, -36, 827, 237, 861, 45, 139, 25, 30, 327, 9
66, -33, 809, 158, 825, 32, 136, 20, 33, 340, 11
67, -77, 854, 102, 863, 19, 137, 21, 34, 354, 13
68, -91, 873, 102, 884, 0, 137, 28, 34, 368, 16
69, -2, 851, 161, 866, -19, 138, 38, 33, 381, 20
70, 102, 797, 251, 842, -29, 139, 43, 30, 395, 24
71, 199, 779, 379, 889, -34, 135, 43, 27, 409, 29
72, 345, 749, 457, 943, -30, 134, 33, 24, 422, 32
73, 401, 729, 492, 967, -17, 149, 11, 22, 437, 33
74, 242, 773, 468, 936, 0, 165, -10, 22, 454, 32
75, 64, 870, 392, 957, 6, 168, -21, 23, 471, 30
76, -69, 935, 296, 983, 4, 164, -22, 23, 487, 28
77, -144, 996, 208, 1028, -4, 158, -16, 23, 503, 26
78, -100, 1037, 146, 1052, -19, 158, -7, 21, 519, 25
79, -74, 1067, 250, 1099, -39, 166, -7, 18, 536, 24
80, -106, 1025, 487, 1140, -52, 175, -11, 13, 553, 23
81, -96, 1018, 659, 1217, -41, 186, -9, 9, 572, 22
82, -130, 1057, 747, 1302, -21, 198, -16, 7, 594, 21
83, -229, 1091, 791, 1367, -11, 197, -21, 6, 613, 18
84, -245, 1129, 766, 1386, -6, 193, -21, 5, 633, 16
85, -302, 1187, 763, 1444, -8, 197, -22, 5, 653, 14
86, -450, 1270, 858, 1597, -12, 202, -20, 4, 673, 12
87, -521, 1481, 921, 1821, -17, 198, 0, 2, 693, 12
88, -482, 1347, 846, 1663, -34, 188, 45, 0, 712, 16
89, -131, 1296, 897, 1582, -41, 176, 48, -4, 729, 21
90, -186, 909, 928, 1313, -63, 168, 64, -10, 746, 28
91, 226, 1127, 1070, 1570, -37, 177, 43, -13, 764, 32
92, -180, 910, 1027, 1384, -17, 198, 40, -15, 784, 36
93, -68, 1100, 931, 1443, -13, 179, 50, -16, 802, 41
94, -13, 980, 846, 1295, -19, 174, 52, -17, 819, 47
95, 0, 883, 776, 1175, -19, 166, 54, -19, 836, 52
96, -39, 975, 667, 1182, -16, 147, 64, -21, 850, 58
97, 7, 1020, 502, 1137, -31, 135, 82, -24, 864, 67
98, 229, 1002, 520, 1152, -55, 132, 99, -29, 877, 77
99, 502, 985, 640, 1278, -65, 141, 96, -35, 893, 87
100, 575, 929, 822, 1367, -67, 151, 83, -41, 908, 96
101, 627, 889, 1024, 1494, -56, 161, 69, -46, 924, 103
102, 638, 845, 1109, 1533, -30, 167, 54, -49, 941, 108
103, 619, 875, 1080, 1522, 0, 175, 38, -49, 960, 112
104, 641, 882, 921, 1427, 33, 191, 20, -46, 979, 114
105, 541, 944, 674, 1279, 59, 211, -1, -41, 1000, 114
106, 376, 1038, 459, 1196, 62, 220, -18, -35, 1022, 112
107, 203, 1103, 345, 1173, 46, 214, -26, -31, 1044, 110
108, 62, 1134, 368, 1194, 19, 194, -22, -29, 1063, 107
109, 96, 1130, 435, 1215, 0, 177, -15, -29, 1081, 106
110, 147, 1074, 514, 1200, -8, 172, -16, -30, 1098, 104
111, 183, 1067, 571, 1224, -6, 173, -24, -30, 1116, 102
112, 178, 1054, 588, 1220, 2, 180, -38, -30, 1134, 98
113, 122, 1053, 628, 1232, 11, 191, -54, -29, 1153, 93
114, -6, 1038, 683, 1242, 23, 207, -66, -27, 1174, 86
115, -114, 1010, 654, 1209, 41, 222, -70, -23, 1196, 79
116, -220, 1058, 538, 1207, 55, 238, -70, -18, 1220, 72
117, -424, 1110, 448, 1270, 57, 245, -62, -13, 1244, 66
118, -575, 1170, 346, 1349, 45, 234, -41, -9, 1268, 61
119, -592, 1164, 292, 1338, 21, 211, -12, -7, 1289, 60
120, -462, 1098, 362, 1246, -2, 191, 11, -7, 1310, 61
121, -389, 972, 472, 1148, -13, 180, 28, -8, 1328, 64
122, -264, 866, 524, 1046, -13, 180, 36, -10, 1346, 68
123, -187, 810, 520, 981, -8, 186, 33, -10, 1365, 71
124, -175, 802, 513, 969, -7, 191, 31, -11, 1384, 74
125, -190, 788, 495, 950, -11, 187, 34, -12, 1403, 78
126, -161, 809, 446, 938, -20, 176, 41, -14, 1420, 82
127, -103, 802, 476, 938, -33, 170, 51, -17, 1437, 87
128, -12, 721, 582, 927, -39, 177, 60, -20, 1455, 93
129, 137, 701, 654, 969, -32, 185, 64, -23, 1474, 100
130, 236, 733, 665, 1017, -23, 195, 59, -25, 1493, 106
131, 223, 797, 677, 1070, -17, 196, 52, -27, 1513, 111
132, 233, 875, 654, 1118, -16, 195, 49, -28, 1532, 116
133, 179, 823, 696, 1093, -19, 201, 52, -30, 1553, 121
134, 83, 735, 753, 1055, -23, 206, 65, -32, 1573, 128
135, 112, 721, 742, 1041, -23, 199, 88, -34, 1593, 136
136, 315, 771, 644, 1053, -17, 181, 108, -36, 1611, 147
137, 623, 851, 476, 1157, -19, 158, 113, -38, 1629, 160
138, 920, 916, 387, 1355, -22, 147, 91, -40, 1643, 169
139, 981, 913, 431, 1408, -20, 157, 52, -42, 1659, 174
140, 778, 872, 572, 1302, -9, 179, 12, -42, 1677, 175
141, 422, 870, 667, 1175, 6, 199, -13, -42, 1697, 174
142, 175, 919, 646, 1137, 18, 208, -16, -40, 1718, 172
143, 11, 1002, 633, 1185, 20, 204, -8, -38, 1738, 171
144, -4, 1054, 621, 1224, 17, 189, 5, -37, 1757, 172
145, 72, 1065, 593, 1222, 17, 177, 17, -35, 1775, 174
146, 146, 1033, 556, 1183, 12, 166, 19, -34, 1792, 176
147, 236, 964, 543, 1131, 4, 159, 11, -34, 1808, 177
148, 218, 905, 529, 1070, 6, 161, -2, -33, 1824, 177
149, 145, 975, 444, 1081, 6, 167, -14, -32, 1841, 175
150, 68, 1061, 392, 1134, 0, 172, -19, -32, 1858, 173
151, 9, 1124, 412, 1197, -7, 187, -24, -33, 1877, 171
152, -107, 1188, 541, 1310, -16, 202, -28, -35, 1897, 168
153, -277, 1174, 786, 1440, -15, 213, -26, -36, 1918, 165
154, -471, 1221, 897, 1587, -4, 207, -11, -36, 1941, 164
155, -532, 1326, 797, 1636, -5, 187, 22, -37, 1960, 166
156, -393, 1293, 790, 1566, -25, 170, 54, -39, 1977, 172
157, -156, 1205, 893, 1508, -37, 161, 76, -43, 1993, 179
158, 94, 1065, 1006, 1468, -35, 162, 77, -46, 2009, 187
159, 245, 1000, 1072, 1486, -23, 164, 59, -48, 2026, 193
160, 273, 949, 1106, 1483, -3, 167, 34, -48, 2042, 197
161, 167, 943, 1068, 1435, 20, 172, 13, -46, 2060, 198
162, 30, 976, 911, 1336, 35, 175, 4, -43, 2077, 198
163, -35, 1018, 729, 1253, 41, 177, 9, -40, 2095, 199
164, -9, 1007, 642, 1195, 43, 181, 15, -36, 2113, 201
165, -62, 964, 622, 1149, 45, 185, 13, -32, 2132, 202
166, -128, 864, 530, 1022, 56, 187, 16, -26, 2151, 204
167, -118, 877, 346, 950, 64, 189, 29, -21, 2170, 207
168, -25, 932, 108, 939, 55, 190, 37, -16, 2189, 210
169, -25, 965, 24, 966, 27, 191, 38, -13, 2208, 214
170, -62, 949, 159, 965, -3, 189, 40, -14, 2227, 218
171, -124, 839, 405, 940, -22, 186, 41, -16, 2247, 223
172, -138, 854, 564, 1033, -22, 184, 46, -18, 2266, 228
173, -233, 695, 530, 904, -21, 182, 68, -20, 2284, 234
174, 51, 740, 385, 836, -26, 164, 95, -22, 2300, 244
175, 431, 661, 256, 830, -37, 156, 92, -26, 2316, 253
176, 726, 819, 313, 1138, -49, 167, 59, -30, 2333, 259
177, 739, 952, 535, 1319, -49, 174, 26, -35, 2350, 262
178, 588, 774, 696, 1196, -50, 192, -18, -39, 2370, 260
179, 276, 925, 1006, 1394, -22, 206, -49, -41, 2390, 255
180, -7, 1015, 946, 1388, 25, 220, -55, -39, 2412, 249
181, -128, 1148, 545, 1278, 58, 216, -40, -34, 2434, 245
182, -124, 1490, 132, 1501, 44, 203, -23, -30, 2454, 243
183, -187, 1265, 41, 1279, -5, 179, 8, -30, 2472, 244
184, 85, 1087, 244, 1118, -48, 144, 42, -35, 2487, 248
185, 656, 942, 556, 1276, -63, 120, 53, -40, 2499, 254
186, 746, 697, 676, 1225, -44, 129, 38, -44, 2512, 257
187, 627, 729, 600, 1134, -11, 140, 38, -45, 2526, 261
188, 586, 866, 327, 1096, 3, 137, 51, -45, 2541, 267
189, 587, 909, 83, 1085, -7, 125, 76, -46, 2553, 275
190, 673, 962, 49, 1175, -41, 108, 101, -49, 2564, 285
191, 873, 969, 265, 1331, -86, 85, 108, -57, 2573, 296
192, 1007, 861, 647, 1474, -109, 72, 92, -67, 2581, 306
193, 960, 751, 1027, 1595, -85, 78, 53, -75, 2589, 311
194, 702, 702, 1167, 1532, -43, 85, 24, -79, 2597, 314
195, 499, 571, 1029, 1279, -10, 81, 19, -80, 2605, 316
196, 563, 546, 869, 1171, 13, 52, -16, -78, 2611, 314
197, 191, -266, 410, 525, 50, 44, -3, -74, 2615, 314
198, 746, 1061, 130, 1304, 64, 30, -35, -68, 2618, 310
199, 114, 555, -88, 573, 22, 67, -60, -66, 2625, 304
200, 7, 1368, 149, 1377, 7, 65, -24, -65, 2631, 302
201, -55, 722, 53, 726, -9, 63, -3, -66, 2638, 301
202, 314, 1227, -12, 1266, -19, 39, 23, -68, 2642, 304
203, 663, 1374, 115, 1530, -41, 42, -28, -72, 2646, 301
204, 364, 976, 457, 1137, -31, 74, -74, -75, 2653, 293
205, 291, 812, 561, 1029, 27, 91, -75, -72, 2663, 286
206, 368, 1038, 173, 1115, 97, 93, -86, -63, 2672, 277
207, 125, 1119, -353, 1180, 102, 101, -79, -54, 2682, 269
208, 63, 1301, -679, 1469, 64, 91, -48, -48, 2691, 264
209, 248, 1513, -780, 1720, 0, 87, -23, -48, 2701, 262
210, 155, 1494, -505, 1585, -71, 86, -3, -55, 2709, 261
211, 120, 1461, -76, 1468, -113, 79, 17, -65, 2717, 263
212, 218, 1467, 448, 1550, -135, 92, 20, -77, 2727, 265
213, 110, 1266, 1132, 1702, -115, 124, 0, -87, 2739, 265
214, -191, 915, 1461, 1735, -45, 162, -14, -91, 2755, 263
215, -342, 1111, 1231, 1693, 69, 180, -18, -85, 2773, 262
216, -473, 1276, 698, 1530, 109, 180, -21, -75, 2791, 259
217, -569, 1306, 330, 1462, 96, 161, -15, -67, 2808, 258
218, -471, 1263, 209, 1365, 68, 130, -14, -60, 2821, 256
219, -375, 1020, 216, 1109, 45, 104, -21, -56, 2831, 254
220, -291, 903, 152, 961, 43, 101, -25, -53, 2841, 252
221, -309, 917, 14, 968, 36, 108, -29, -49, 2852, 249
222, -375, 943, -70, 1018, 14, 109, -30, -48, 2863, 246
223, -407, 1021, -58, 1101, -24, 106, -20, -50, 2874, 244
224, -348, 1032, 118, 1096, -51, 110, -10, -55, 2885, 243
225, -304, 1065, 466, 1202, -63, 135, -11, -60, 2898, 242
226, -516, 1011, 991, 1507, -39, 185, -21, -64, 2919, 239
227, -1006, 857, 1199, 1785, 42, 231, 0, -60, 2942, 239
228, -1268, 1082, 838, 1866, 95, 231, 50, -52, 2965, 244
229, -1172, 1283, 347, 1773, 79, 199, 107, -44, 2985, 255
230, -814, 1308, 121, 1546, 22, 156, 150, -42, 3001, 270
231, -394, 1099, 186, 1182, -24, 125, 160, -45, 3013, 286
232, 1, 864, 330, 926, -52, 118, 137, -49, 3025, 300
233, 117, 715, 399, 828, -55, 128, 105, -54, 3038, 310
234, 190, 233, 219, 372, -74, 134, 70, -61, 3051, 318
235, 440, 1298, 490, 1456, -52, 116, 40, -66, 3063, 322
236, 268, 527, 636, 869, -42, 154, -3, -70, 3078, 321
237, 220, 869, 732, 1158, -28, 208, -38, -72, 3099, 317
238, -136, 1022, 999, 1436, -18, 241, -90, -74, 3123, 308
239, -541, 743, 1124, 1452, 34, 268, -89, -71, 3150, 299
240, -793, 1071, 812, 1561, 98, 283, -67, -62, 3179, 293
241, -956, 1239, 329, 1600, 96, 261, -42, -53, 3205, 288
242, -989, 1378, 17, 1696, 51, 223, 5, -48, 3227, 289
243, -816, 1268, -46, 1508, -17, 177, 48, -50, 3247, 294
244, -478, 1024, 212, 1150, -78, 140, 80, -57, 3261, 302
245, -32, 803, 517, 955, -95, 130, 91, -66, 3274, 311
246, 376, 600, 688, 988, -78, 145, 79, -73, 3288, 319
247, 620, 658, 697, 1142, -45, 169, 43, -77, 3305, 324
248, 597, 784, 647, 1179, -23, 185, -3, -79, 3324, 323
249, 319, 879, 624, 1125, -11, 194, -48, -80, 3343, 319
250, 103, 845, 639, 1065, 0, 197, -67, -80, 3363, 312
251, -111, 891, 596, 1078, 14, 199, -72, -79, 3383, 305
252, -262, 956, 566, 1142, 22, 203, -66, -77, 3403, 298
253, -353, 953, 536, 1149, 23, 211, -52, -75, 3425, 293
254, -330, 922, 520, 1109, 28, 215, -38, -72, 3446, 289
255, -320, 919, 415, 1058, 39, 216, -28, -69, 3468, 286
256, -358, 966, 255, 1061, 36, 209, -17, -65, 3489, 284
257, -335, 1038, 164, 1103, 10, 190, -2, -64, 3508, 284
258, -312, 1025, 203, 1090, -16, 171, 10, -66, 3525, 285
259, -273, 970, 284, 1047, -30, 157, 17, -69, 3541, 287
260, -251, 1015, 307, 1090, -30, 150, 23, -72, 3557, 289
261, -296, 1058, 338, 1150, -26, 148, 24, -74, 3572, 292
262, -463, 1052, 373, 1209, -22, 149, 26, -76, 3587, 295
263, -648, 1032, 388, 1279, -24, 150, 37, -78, 3602, 298
264, -741, 1005, 419, 1318, -31, 158, 56, -81, 3618, 304
265, -759, 996, 413, 1319, -38, 167, 80, -85, 3634, 312
266, -635, 1009, 383, 1252, -41, 170, 107, -88, 3651, 323
267, -445, 977, 302, 1115, -43, 166, 125, -92, 3668, 335
268, -262, 1010, 238, 1070, -52, 158, 128, -97, 3684, 348
269, -219, 1004, 245, 1057, -70, 149, 122, -103, 3699, 360
270, -206, 928, 426, 1042, -88, 137, 118, -111, 3713, 372
271, -129, 827, 667, 1071, -89, 128, 116, -119, 3726, 384
272, -8, 785, 798, 1120, -80, 124, 112, -127, 3738, 395
273, 295, 804, 840, 1200, -64, 132, 102, -132, 3751, 405
274, 575, 900, 865, 1375, -36, 157, 63, -136, 3767, 412
275, 495, 1024, 893, 1446, -10, 173, 16, -137, 3784, 413
276, 183, 1125, 869, 1434, 10, 176, -14, -136, 3802, 412
277, -2, 1208, 744, 1419, 25, 170, -21, -133, 3821, 410
278, -119, 1256, 572, 1386, 28, 169, -18, -131, 3838, 408
279, -237, 1282, 428, 1372, 14, 168, -4, -129, 3854, 407
280, -281, 1247, 425, 1347, -11, 163, 16, -130, 3871, 409
281, -245, 1166, 592, 1331, -37, 155, 38, -134, 3888, 413
282, -142, 1057, 797, 1331, -54, 147, 58, -139, 3903, 419
283, 12, 942, 1002, 1376, -61, 139, 72, -144, 3917, 426
284, 207, 797, 1105, 1378, -53, 134, 78, -149, 3930, 434
285, 379, 718, 1114, 1380, -34, 137, 74, -152, 3944, 442
286, 439, 742, 1056, 1364, -18, 139, 63, -154, 3958, 448
287, 432, 837, 984, 1362, -8, 132, 47, -154, 3971, 453
288, 417, 783, 1006, 1341, 1, 124, 33, -154, 3983, 456
289, 392, 743, 961, 1277, 27, 124, 18, -152, 3996, 458
290, 383, 757, 795, 1164, 53, 130, 5, -147, 4009, 459
291, 283, 777, 592, 1018, 70, 145, -11, -141, 4023, 457
292, 187, 779, 457, 922, 80, 156, -21, -133, 4039, 455
293, 45, 801, 294, 854, 84, 163, -22, -126, 4055, 453
294, -77, 876, 133, 889, 77, 160, -17, -119, 4071, 451
295, -209, 975, 1, 998, 52, 147, -5, -114, 4086, 451
296, -266, 1022, -41, 1057, 20, 125, 16, -112, 4099, 452
297, -203, 994, 7, 1015, 1, 112, 35, -112, 4110, 456
298, -108, 940, 63, 949, -4, 112, 47, -113, 4122, 461
299, -76, 909, 86, 917, -2, 116, 51, -113, 4134, 466
300, -131, 941, 88, 954, -7, 116, 51, -113, 4146, 471
301, -160, 958, 113, 978, -20, 110, 52, -115, 4157, 477
302, -132, 960, 179, 985, -27, 111, 56, -118, 4168, 482
303, -77, 916, 242, 951, -24, 124, 53, -120, 4180, 488
304, -75, 925, 226, 955, -12, 146, 49, -121, 4195, 493
305, -97, 970, 180, 991, -13, 156, 48, -122, 4211, 497
306, -118, 997, 172, 1019, -26, 149, 53, -125, 4226, 503
307, -74, 1000, 210, 1025, -42, 133, 61, -129, 4239, 509
308, 89, 985, 284, 1029, -56, 115, 67, -134, 4251, 516
309, 217, 993, 364, 1080, -61, 108, 61, -139, 4262, 522
310, 295, 1000, 498, 1156, -62, 109, 50, -145, 4272, 527
311, 346, 995, 613, 1219, -56, 115, 38, -150, 4284, 531
312, 346, 1046, 816, 1371, -42, 132, 24, -154, 4297, 533
313, 240, 1052, 1018, 1484, -8, 156, 9, -154, 4313, 534
314, 114, 1125, 957, 1482, 34, 162, 6, -151, 4329, 535
315, 70, 1298, 680, 1467, 54, 152, 8, -146, 4346, 536
316, 41, 1341, 465, 1420, 48, 135, 15, -142, 4360, 537
317, 92, 1306, 374, 1362, 32, 115, 22, -139, 4371, 539
318, 100, 1237, 376, 1297, 21, 105, 24, -137, 4382, 542
319, 72, 1172, 406, 1243, 17, 100, 28, -136, 4392, 545
320, 39, 1122, 427, 1202, 19, 95, 33, -134, 4401, 548
321, -1, 1056, 388, 1126, 21, 85, 45, -132, 4410, 553
322, 65, 1042, 291, 1084, 17, 71, 57, -130, 4417, 558
323, 109, 940, 283, 988, 4, 61, 58, -130, 4423, 564
324, 114, 811, 350, 891, -4, 59, 51, -130, 4429, 570
325, 83, 765, 443, 888, -10, 68, 38, -131, 4436, 573
326, 3, 742, 630, 974, 4, 90, 27, -131, 4445, 576
327, 11, 760, 654, 1003, 41, 116, 26, -127, 4457, 579
328, 39, 875, 456, 988, 70, 133, 23, -121, 4470, 581
329, 5, 997, 230, 1024, 72, 137, 19, -114, 4484, 583
330, -56, 1048, 136, 1058, 49, 125, 14, -110, 4496, 585
331, -171, 1000, 188, 1032, 22, 108, 17, -108, 4507, 586
332, -134, 992, 257, 1034, 3, 95, 25, -107, 4518, 589
333, -59, 999, 309, 1048, -8, 92, 25, -108, 4527, 592
334, 3, 958, 391, 1035, -13, 96, 23, -109, 4537, 594
335, 84, 883, 456, 998, -7, 103, 16, -110, 4547, 596
336, 104, 866, 459, 986, 5, 112, 4, -110, 4558, 596
337, 101, 903, 415, 999, 18, 119, -4, -108, 4570, 596
338, 84, 972, 319, 1026, 28, 124, -14, -105, 4583, 594
339, 42, 1032, 255, 1064, 29, 129, -23, -103, 4596, 592
340, -29, 1065, 272, 1100, 26, 132, -30, -100, 4609, 589
341, -117, 1075, 300, 1123, 28, 134, -35, -98, 4622, 585
342, -206, 1062, 314, 1127, 36, 139, -35, -95, 4636, 582
343, -332, 1038, 237, 1115, 41, 144, -27, -91, 4651, 579
344, -404, 1025, 163, 1114, 32, 140, -10, -88, 4665, 578
345, -383, 991, 117, 1069, 11, 130, 8, -87, 4678, 579
346, -243, 917, 150, 960, -14, 117, 29, -88, 4690, 582
347, -82, 854, 258, 896, -37, 108, 40, -92, 4700, 586
348, 21, 873, 352, 941, -49, 101, 42, -96, 4711, 590
349, 98, 857, 465, 980, -52, 97, 39, -101, 4721, 594
350, 177, 857, 530, 1023, -42, 98, 32, -105, 4731, 598
351, 233, 887, 544, 1067, -25, 102, 18, -107, 4741, 599
352, 306, 873, 495, 1049, -2, 111, 2, -108, 4753, 600
353, 257, 955, 425, 1077, 23, 130, -20, -105, 4766, 598
354, 89, 988, 391, 1067, 44, 150, -36, -101, 4781, 594
355, -123, 1000, 297, 1051, 65, 165, -43, -96, 4797, 590
356, -317, 1075, 100, 1125, 67, 165, -34, -89, 4814, 586
357, -419, 1139, -47, 1215, 39, 147, -12, -86, 4828, 585
358, -396, 1103, -30, 1172, 0, 124, 11, -86, 4841, 586
359, -275, 1006, 150, 1054, -37, 100, 33, -89, 4851, 590
360, -75, 914, 357, 984, -53, 88, 45, -94, 4860, 594
361, 54, 894, 474, 1013, -49, 89, 43, -98, 4869, 598
362, 67, 955, 530, 1095, -40, 98, 33, -102, 4879, 602
363, 23, 999, 611, 1171, -30, 111, 21, -105, 4890, 604
364, 20, 1033, 684, 1239, -8, 137, 12, -106, 4903, 605
365, 12, 1125, 656, 1302, 10, 158, 2, -105, 4919, 605
366, -45, 1172, 629, 1331, 20, 168, -8, -103, 4938, 604
367, -154, 1146, 644, 1324, 26, 168, -15, -100, 4955, 603
368, -351, 1082, 660, 1315, 32, 158, -16, -97, 4971, 601
369, -431, 1002, 605, 1247, 41, 150, -7, -94, 4986, 600
370, -400, 987, 457, 1159, 49, 144, 4, -89, 5002, 601
371, -329, 982, 310, 1081, 46, 141, 12, -85, 5016, 602
372, -172, 903, 260, 955, 34, 144, 17, -82, 5030, 604
373, -10, 799, 311, 857, 31, 155, 16, -79, 5046, 606
374, 114, 738, 304, 807, 38, 165, 12, -76, 5062, 607
375, 220, 785, 241, 850, 42, 171, 0, -72, 5079, 607
376, 236, 819, 143, 865, 37, 177, -19, -68, 5097, 605
377, 98, 902, 93, 912, 26, 182, -43, -66, 5115, 601
378, -151, 991, 96, 1007, 9, 178, -49, -65, 5133, 596
379, -283, 1077, 120, 1120, -8, 166, -43, -66, 5150, 591
380, -352, 1127, 173, 1193, -29, 155, -28, -69, 5165, 588
381, -333, 1136, 303, 1223, -40, 152, -7, -72, 5181, 588
382, -313, 1127, 406, 1239, -38, 160, 10, -76, 5197, 589
383, -282, 1126, 461, 1249, -31, 169, 23, -79, 5214, 591
384, -196, 1087, 472, 1202, -25, 180, 33, -81, 5232, 594
385, -117, 1112, 477, 1216, -24, 189, 33, -83, 5251, 598
386, -156, 1133, 503, 1250, -33, 184, 30, -86, 5269, 601
387, -197, 1122, 562, 1270, -43, 173, 30, -90, 5288, 604
388, -258, 1084, 645, 1288, -49, 163, 33, -95, 5305, 608
389, -259, 1035, 659, 1254, -50, 154, 45, -99, 5320, 612
390, -204, 1000, 633, 1202, -50, 150, 56, -104, 5335, 618
391, -156, 974, 628, 1169, -52, 144, 63, -108, 5349, 624
392, -75, 941, 611, 1124, -50, 138, 67, -113, 5363, 631
393, 97, 833, 549, 1003, -44, 142, 60, -117, 5378, 637
394, 203, 809, 565, 1008, -36, 174, 32, -120, 5395, 640
395, 10, 803, 697, 1064, -28, 209, 3, -123, 5416, 641
396, -189, 795, 795, 1140, -17, 226, -10, -124, 5439, 640
397, -404, 835, 856, 1263, -1, 227, -11, -125, 5461, 638
398, -524, 834, 786, 1260, 7, 208, -2, -124, 5482, 638
399, -551, 892, 667, 1243, 2, 192, 2, -124, 5502, 638
400, -545, 908, 604, 1220, -7, 190, 7, -124, 5521, 639
401, -608, 954, 642, 1301, -18, 192, 15, -126, 5540, 641
402, -625, 930, 686, 1314, -27, 190, 33, -129, 5559, 644
403, -457, 887, 704, 1221, -29, 194, 46, -131, 5578, 649
404, -405, 913, 659, 1197, -29, 203, 50, -134, 5601, 654
405, -444, 954, 682, 1254, -35, 202, 53, -137, 5621, 660
406, -525, 922, 766, 1309, -37, 191, 57, -141, 5640, 665
407, -462, 818, 752, 1203, -29, 182, 70, -143, 5658, 672
408, -279, 729, 712, 1057, -17, 191, 73, -145, 5678, 680
409, -286, 735, 671, 1036, -11, 209, 71, -146, 5698, 687
410, -291, 783, 665, 1068, -14, 216, 76, -147, 5720, 694
411, -298, 816, 700, 1116, -21, 206, 87, -149, 5741, 703
412, -151, 771, 717, 1064, -28, 187, 104, -152, 5759, 714
413, 136, 711, 669, 986, -32, 177, 107, -154, 5777, 724
414, 386, 710, 601, 1008, -38, 174, 89, -158, 5795, 733
415, 487, 752, 583, 1069, -42, 183, 53, -162, 5813, 739
416, 343, 790, 645, 1076, -35, 194, 22, -165, 5833, 741
417, 132, 845, 711, 1113, -22, 196, 6, -167, 5852, 742
418, -116, 917, 727, 1176, -4, 193, 0, -167, 5872, 742
419, -187, 968, 595, 1151, 13, 197, 4, -166, 5891, 742
420, -222, 988, 473, 1118, 26, 212, 6, -164, 5913, 743
421, -287, 1012, 412, 1130, 31, 224, 7, -161, 5937, 743
422, -354, 1065, 370, 1182, 24, 216, 12, -159, 5959, 745
423, -323, 1076, 354, 1178, 2, 188, 21, -158, 5978, 747
424, -136, 1022, 390, 1103, -14, 160, 32, -160, 5994, 750
425, 61, 971, 426, 1063, -16, 154, 26, -161, 6009, 753
426, 51, 948, 416, 1037, -8, 167, 12, -162, 6026, 754
427, -91, 987, 381, 1062, 0, 183, -3, -162, 6044, 754
428, -358, 1063, 372, 1182, -4, 192, -10, -162, 6064, 753
429, -522, 1105, 458, 1305, -17, 189, -2, -164, 6083, 752
430, -542, 1120, 603, 1383, -29, 183, 10, -167, 6101, 753
431, -489, 1102, 768, 1429, -36, 182, 30, -170, 6119, 756
432, -395, 1093, 876, 1456, -40, 177, 49, -174, 6137, 761
433, -366, 1105, 970, 1516, -44, 170, 65, -178, 6154, 768
434, -209, 1062, 984, 1463, -43, 155, 79, -181, 6170, 776
435, 49, 1047, 885, 1372, -34, 149, 79, -184, 6184, 784
436, 146, 1067, 800, 1342, -27, 151, 66, -187, 6200, 790
437, 65, 1061, 777, 1317, -22, 153, 50, -189, 6215, 796
438, -62, 1096, 750, 1330, -19, 149, 46, -191, 6232, 801
439, -158, 1108, 724, 1334, -26, 140, 49, -193, 6246, 806
440, -167, 1074, 781, 1339, -36, 128, 55, -197, 6258, 811
441, -122, 1012, 855, 1331, -37, 118, 63, -200, 6270, 817
442, -69, 998, 892, 1340, -30, 113, 68, -203, 6282, 824
443, -37, 976, 908, 1333, -23, 107, 72, -205, 6292, 832
444, 161, 843, 814, 1183, -9, 107, 68, -206, 6303, 838
445, 263, 948, 668, 1189, 3, 128, 44, -206, 6316, 843
446, 142, 975, 676, 1195, 7, 147, 25, -205, 6331, 845
447, -29, 1045, 727, 1274, 16, 157, 15, -203, 6346, 847
448, -235, 1144, 749, 1388, 24, 157, 17, -201, 6362, 849
449, -337, 1195, 761, 1457, 31, 150, 32, -198, 6377, 852
450, -380, 1259, 777, 1527, 35, 135, 44, -195, 6391, 856
451, -471, 1312, 772, 1593, 35, 114, 54, -192, 6402, 862
452, -427, 1289, 776, 1564, 31, 89, 67, -189, 6411, 868
453, -274, 1190, 781, 1450, 32, 75, 73, -186, 6419, 876
454, -102, 1107, 729, 1330, 39, 85, 67, -183, 6427, 882
455, -60, 1114, 760, 1350, 41, 106, 53, -179, 6439, 888
456, -41, 1080, 779, 1332, 47, 126, 38, -174, 6452, 892
457, -132, 1210, 774, 1443, 59, 145, 29, -169, 6466, 895
458, -233, 1445, 749, 1645, 66, 145, 42, -163, 6481, 899
459, -184, 1544, 839, 1767, 66, 131, 61, -157, 6495, 906
460, -64, 1465, 887, 1714, 61, 106, 75, -151, 6506, 914
461, 161, 1326, 860, 1589, 56, 88, 71, -146, 6515, 921
462, 286, 1217, 746, 1456, 55, 85, 46, -141, 6523, 925
463, 184, 1145, 676, 1343, 53, 88, 25, -137, 6532, 928
464, 47, 1110, 639, 1282, 51, 89, 16, -132, 6541, 930
465, -43, 1054, 594, 1211, 51, 85, 21, -127, 6550, 932
466, 31, 947, 542, 1092, 60, 84, 34, -122, 6558, 935
467, 179, 761, 407, 882, 65, 94, 44, -116, 6568, 940
468, 415, 710, 365, 900, 59, 106, 39, -111, 6578, 944
469, 497, 619, 407, 893, 58, 122, 14, -105, 6591, 945
470, 425, 532, 443, 812, 74, 135, -9, -99, 6604, 944
471, 253, 560, 304, 686, 92, 140, -28, -90, 6618, 941
472, 159, 594, 159, 636, 94, 136, -37, -82, 6632, 938
473, 84, 580, 36, 587, 89, 137, -42, -74, 6646, 933
474, 26, 604, -32, 605, 80, 137, -46, -67, 6659, 929
475, -33, 597, -75, 603, 62, 134, -44, -61, 6673, 924
476, -121, 655, -30, 666, 36, 124, -43, -58, 6687, 920
477, -131, 609, 22, 623, 21, 116, -35, -56, 6698, 916
478, 5, 586, -29, 586, 17, 117, -31, -54, 6710, 913
479, 48, 628, -137, 644, 9, 128, -38, -53, 6723, 909
480, 3, 630, -115, 640, -2, 132, -43, -54, 6736, 905
481, -24, 633, -13, 633, -6, 133, -45, -54, 6749, 900
482, -6, 630, 99, 638, 0, 132, -46, -54, 6763, 896
483, 11, 686, 125, 697, 6, 125, -46, -54, 6775, 891
484, 11, 743, 86, 748, 10, 112, -40, -53, 6786, 887
485, -4, 857, 53, 859, 8, 96, -32, -52, 6796, 884
486, -58, 859, 49, 862, 1, 79, -20, -52, 6804, 882
487, 49, 810, -35, 812, 7, 76, -9, -51, 6812, 881
488, 129, 837, -200, 870, 11, 88, -11, -50, 6821, 880
489, 116, 866, -281, 918, 4, 101, -18, -50, 6831, 878
490, 61, 961, -288, 1005, -14, 115, -24, -51, 6842, 875
491, 2, 1022, -139, 1031, -39, 121, -23, -55, 6854, 873
492, -14, 1040, 83, 1043, -53, 124, -10, -59, 6867, 872
493, 29, 1053, 196, 1072, -55, 118, 6, -64, 6880, 873
494, 129, 1067, 257, 1105, -60, 102, 22, -70, 6890, 875
495, 341, 1011, 293, 1107, -66, 82, 26, -76, 6898, 877
496, 509, 972, 312, 1141, -63, 73, 16, -81, 6906, 879
