0, 35, 1046, 267, 1081, 45, -16, -11, 4, -1, -1
1, -62, 1214, 129, 1222, 39, 4, 1, 7, -1, 0
2, -24, 1167, 35, 1168, 24, -2, 10, 9, -1, 0
3, 145, 1108, 44, 1118, 13, -7, 8, 11, -2, 1
4, 178, 1059, 70, 1076, 6, -1, 0, 11, -2, 0
5, 32, 1020, 102, 1026, 4, 0, -8, 11, -2, 0
6, -85, 1023, 131, 1035, 5, -2, -6, 12, -2, 0
7, -99, 987, 155, 1004, 9, -7, -2, 13, -3, 0
8, -55, 988, 128, 998, 15, -1, 0, 14, -3, 0
9, -116, 1036, 69, 1045, 18, 7, 2, 16, -2, 0
10, -132, 1128, 33, 1137, 14, 2, 6, 17, -2, 0
11, -72, 1135, 87, 1141, 0, -2, 12, 17, -2, 1
12, -9, 1010, 148, 1021, -2, 5, 14, 17, -2, 2
13, -26, 980, 170, 995, 6, 7, 14, 18, -1, 4
14, 55, 992, 143, 1004, 15, -1, 11, 19, -1, 5
15, 113, 1035, 107, 1047, 17, -1, 3, 21, -1, 5
16, 92, 1031, 81, 1039, 14, 10, -3, 22, 0, 5
17, -63, 1028, 65, 1032, 10, 17, -8, 23, 0, 4
18, -160, 1017, 34, 1030, 9, 12, -7, 24, 2, 3
19, -158, 1047, 7, 1059, 7, 4, -4, 24, 2, 3
20, -144, 1056, 0, 1066, 1, 5, -1, 25, 3, 3
21, -139, 1048, 16, 1058, -5, 3, 2, 24, 3, 3
22, -97, 1032, 87, 1040, -8, -2, 5, 23, 3, 4
23, -88, 1051, 125, 1062, -11, -4, 7, 22, 2, 4
24, -30, 1010, 160, 1023, -9, -2, 7, 21, 2, 5
25, -68, 1032, 165, 1047, -4, 6, 1, 21, 3, 5
26, -183, 1040, 127, 1063, 0, 14, 0, 21, 4, 5
27, -245, 1071, 73, 1101, 1, 8, 2, 21, 5, 6
28, -193, 1074, 43, 1092, 1, 6, 1, 21, 6, 6
29, -230, 1127, 35, 1151, -3, 15, 0, 21, 7, 6
30, -292, 1045, 82, 1088, -10, 17, 0, 20, 9, 6
31, -289, 970, 102, 1018, -5, 20, 0, 19, 11, 6
32, -350, 1032, 97, 1094, 0, 22, 2, 20, 13, 6
33, -340, 1063, 70, 1118, 3, 18, 2, 20, 15, 6
34, -303, 1125, 46, 1166, 1, 24, -3, 20, 18, 6
35, -342, 1132, 36, 1184, -2, 36, -9, 20, 21, 5
36, -478, 1174, 48, 1269, -7, 43, -13, 19, 25, 4
37, -637, 1169, 81, 1334, -11, 44, -8, 18, 30, 3
38, -731, 1090, 134, 1319, -10, 44, 5, 17, 34, 3
39, -709, 1040, 148, 1267, 2, 39, 22, 17, 38, 6
40, -560, 1100, 124, 1241, 12, 38, 30, 18, 42, 9
41, -469, 1187, 95, 1280, 14, 41, 32, 20, 47, 12
42, -369, 1209, 130, 1271, 7, 45, 31, 21, 51, 15
43, -329, 1185, 170, 1242, 3, 49, 25, 21, 56, 18
44, -293, 1150, 205, 1204, 3, 50, 13, 21, 61, 19
45, -354, 1127, 210, 1200, 6, 59, 1, 22, 68, 19
46, -511, 1117, 199, 1245, 10, 66, -5, 23, 74, 19
47, -616, 1144, 181, 1312, 14, 67, -4, 24, 81, 18
48, -601, 1212, 191, 1367, 11, 70, 2, 25, 88, 19
49, -570, 1180, 255, 1336, 5, 80, 6, 26, 96, 19
50, -572, 1123, 303, 1296, 6, 84, 8, 26, 105, 20
51, -612, 1063, 335, 1272, 16, 87, 7, 28, 113, 21
52, -631, 1041, 285, 1250, 29, 87, 6, 30, 122, 21
53, -666, 1104, 210, 1307, 36, 91, 8, 34, 131, 22
54, -675, 1160, 174, 1354, 34, 97, 12, 37, 141, 24
55, -648, 1201, 167, 1375, 29, 98, 19, 39, 151, 25
56, -519, 1211, 218, 1336, 23, 100, 21, 41, 161, 28
57, -481, 1190, 273, 1313, 22, 106, 17, 43, 172, 29
58, -487, 1174, 306, 1307, 24, 112, 13, 46, 183, 31
59, -509, 1129, 319, 1279, 27, 117, 9, 48, 195, 32
60, -490, 1088, 314, 1234, 31, 122, 5, 51, 207, 32
61, -484, 1075, 305, 1218, 33, 129, 2, 54, 220, 32
62, -478, 1038, 283, 1177, 34, 140, 1, 57, 235, 33
63, -506, 988, 262, 1141, 31, 152, 2, 60, 251, 33
64, -542, 920, 247, 1096, 31, 154, 9, 63, 266, 34
65, -546, 856, 242, 1044, 32, 151, 17, 66, 281, 36
66, -490, 848, 225, 1005, 35, 145, 27, 69, 296, 38
67, -397, 885, 208, 993, 32, 139, 34, 72, 310, 42
68, -243, 938, 232, 997, 22, 138, 34, 74, 324, 45
69, -126, 933, 306, 990, 13, 140, 25, 75, 338, 48
70, -104, 875, 358, 952, 14, 144, 11, 76, 352, 49
71, -174, 875, 379, 969, 20, 149, 0, 78, 367, 49
72, -262, 856, 326, 953, 31, 156, -10, 81, 383, 48
73, -348, 896, 175, 977, 36, 172, -18, 84, 400, 46
74, -434, 931, 82, 1031, 31, 181, -24, 87, 418, 44
75, -591, 930, 16, 1103, 24, 180, -22, 89, 436, 41
76, -628, 1040, 9, 1215, 8, 162, -11, 90, 452, 40
77, -460, 1051, 176, 1161, -17, 158, 0, 88, 468, 40
78, -384, 1061, 328, 1175, -29, 167, 1, 86, 485, 40
79, -364, 1043, 450, 1194, -32, 168, 0, 83, 504, 40
80, -346, 1059, 561, 1248, -26, 163, -7, 80, 520, 39
81, -307, 1047, 637, 1263, -16, 177, -12, 79, 538, 38
82, -378, 984, 643, 1235, -1, 189, -17, 79, 557, 36
83, -480, 983, 551, 1226, 13, 196, -18, 80, 576, 35
84, -541, 992, 450, 1216, 18, 204, -11, 82, 597, 33
85, -602, 960, 357, 1188, 13, 206, -1, 83, 617, 33
86, -615, 902, 342, 1145, 5, 206, 10, 83, 638, 34
87, -571, 830, 351, 1067, 0, 203, 21, 83, 658, 37
88, -492, 797, 365, 1006, -4, 199, 29, 83, 678, 40
89, -372, 776, 365, 935, -6, 198, 35, 82, 698, 43
90, -263, 819, 370, 936, -11, 195, 32, 81, 718, 46
91, -215, 874, 403, 986, -21, 197, 25, 79, 738, 49
92, -240, 871, 462, 1015, -31, 202, 15, 76, 758, 50
93, -355, 843, 573, 1080, -37, 201, 5, 73, 778, 51
94, -458, 812, 673, 1150, -33, 201, 3, 70, 798, 51
95, -502, 831, 740, 1221, -27, 203, 3, 68, 819, 52
96, -522, 827, 753, 1235, -21, 206, 2, 65, 841, 52
97, -560, 848, 774, 1277, -21, 212, 1, 64, 862, 52
98, -606, 867, 830, 1345, -24, 219, 1, 61, 884, 52
99, -653, 819, 881, 1369, -27, 233, 4, 59, 908, 53
100, -772, 744, 869, 1380, -20, 240, 9, 57, 932, 54
101, -826, 769, 833, 1404, -17, 234, 19, 55, 955, 56
102, -781, 811, 888, 1435, -24, 219, 31, 53, 977, 59
103, -633, 822, 986, 1432, -28, 214, 36, 51, 999, 62
104, -540, 889, 1112, 1523, -31, 225, 34, 48, 1021, 66
105, -491, 895, 1168, 1552, -28, 236, 26, 45, 1045, 69
106, -539, 921, 1221, 1622, -23, 239, 13, 43, 1069, 70
107, -601, 985, 1240, 1695, -20, 245, 3, 41, 1093, 70
108, -645, 976, 1281, 1734, -20, 258, -5, 40, 1119, 70
109, -761, 930, 1321, 1786, -18, 275, -8, 38, 1147, 69
110, -878, 912, 1298, 1813, -10, 284, -5, 37, 1175, 68
111, -958, 986, 1275, 1875, -7, 275, 2, 36, 1203, 69
112, -917, 1015, 1276, 1871, -16, 266, 14, 35, 1229, 70
113, -836, 1035, 1371, 1911, -27, 263, 28, 32, 1258, 73
114, -750, 1043, 1511, 1983, -36, 256, 42, 29, 1284, 77
115, -614, 972, 1658, 2018, -37, 245, 56, 25, 1309, 83
116, -485, 978, 1695, 2016, -31, 244, 63, 23, 1333, 89
117, -410, 977, 1737, 2035, -25, 241, 61, 20, 1357, 96
118, -347, 968, 1701, 1988, -14, 245, 56, 19, 1382, 101
119, -299, 1002, 1576, 1892, -2, 253, 51, 19, 1407, 106
120, -260, 1061, 1427, 1798, 3, 261, 46, 19, 1433, 111
121, -253, 1119, 1332, 1758, 3, 266, 43, 19, 1460, 115
122, -274, 1116, 1278, 1719, 0, 267, 43, 19, 1487, 120
123, -320, 1119, 1279, 1730, -2, 258, 47, 19, 1512, 124
124, -270, 1144, 1279, 1737, 0, 242, 49, 19, 1537, 129
125, -156, 1233, 1260, 1770, 1, 224, 42, 19, 1559, 134
126, -35, 1239, 1319, 1810, -5, 218, 28, 19, 1581, 136
127, -53, 1201, 1372, 1824, -5, 228, 8, 18, 1604, 137
128, -264, 1164, 1376, 1822, 1, 237, -4, 18, 1628, 137
129, -398, 1125, 1350, 1802, 6, 242, -5, 19, 1652, 136
130, -468, 1076, 1320, 1767, 9, 245, 0, 20, 1679, 136
131, -510, 1020, 1282, 1716, 14, 247, 8, 21, 1704, 137
132, -573, 1001, 1180, 1650, 16, 244, 20, 23, 1728, 139
133, -567, 999, 1151, 1626, 7, 234, 35, 24, 1751, 143
134, -458, 960, 1225, 1623, -2, 225, 49, 23, 1776, 148
135, -340, 917, 1319, 1642, -5, 223, 59, 23, 1799, 154
136, -194, 908, 1397, 1677, -1, 220, 65, 23, 1821, 161
137, -70, 933, 1402, 1686, 6, 215, 64, 23, 1842, 167
138, 48, 941, 1368, 1661, 16, 218, 59, 25, 1864, 173
139, 100, 941, 1310, 1616, 25, 219, 49, 27, 1886, 178
140, 114, 844, 1186, 1461, 36, 224, 30, 30, 1909, 181
141, -65, 759, 922, 1196, 48, 242, 9, 35, 1933, 182
142, -348, 775, 679, 1088, 44, 253, 0, 39, 1958, 182
143, -599, 810, 516, 1132, 28, 248, 7, 41, 1983, 183
144, -696, 982, 535, 1318, -3, 217, 28, 41, 2005, 186
145, -508, 1043, 965, 1510, -49, 177, 47, 37, 2022, 190
146, -206, 1016, 1394, 1738, -62, 162, 53, 31, 2039, 196
147, 15, 1027, 1613, 1913, -54, 179, 47, 26, 2057, 200
148, 49, 1031, 1752, 2034, -27, 202, 28, 24, 2077, 203
149, -39, 999, 1699, 1971, 13, 226, 3, 25, 2100, 204
150, -263, 966, 1428, 1744, 45, 256, -5, 29, 2125, 203
151, -520, 991, 1118, 1582, 55, 279, 4, 34, 2156, 204
152, -702, 949, 888, 1477, 59, 278, 22, 39, 2184, 206
153, -713, 907, 724, 1362, 53, 266, 45, 44, 2210, 210
154, -614, 944, 617, 1285, 39, 254, 70, 48, 2236, 217
155, -468, 982, 621, 1253, 19, 239, 83, 49, 2260, 226
156, -287, 1009, 712, 1268, 4, 221, 86, 50, 2282, 234
157, -112, 1001, 865, 1328, -8, 211, 80, 49, 2303, 243
158, -17, 956, 1034, 1409, -12, 208, 69, 48, 2324, 250
159, 75, 960, 1131, 1486, -8, 204, 55, 47, 2345, 255
160, 67, 965, 1192, 1535, -3, 204, 36, 47, 2365, 259
161, 3, 936, 1236, 1551, 5, 212, 15, 47, 2386, 260
162, -222, 924, 1211, 1539, 18, 228, -5, 49, 2409, 260
163, -413, 923, 1121, 1510, 26, 241, -12, 51, 2433, 258
164, -549, 929, 1029, 1491, 29, 247, -13, 54, 2458, 257
165, -698, 955, 924, 1502, 27, 249, -11, 56, 2483, 256
166, -861, 1006, 939, 1624, 13, 243, -2, 58, 2507, 256
167, -911, 972, 1093, 1723, 0, 234, 9, 58, 2531, 257
168, -927, 897, 1209, 1769, 0, 234, 23, 58, 2556, 259
169, -917, 891, 1296, 1821, 1, 230, 37, 58, 2580, 263
170, -827, 875, 1346, 1806, 3, 233, 49, 58, 2603, 268
171, -731, 856, 1357, 1763, 9, 242, 57, 59, 2627, 274
172, -646, 864, 1353, 1731, 11, 244, 59, 60, 2652, 280
173, -649, 840, 1384, 1744, 9, 242, 62, 61, 2676, 286
174, -604, 847, 1456, 1790, 6, 235, 68, 61, 2699, 293
175, -497, 842, 1549, 1832, 7, 222, 68, 62, 2722, 299
176, -398, 776, 1607, 1829, 11, 223, 62, 63, 2744, 306
177, -370, 696, 1610, 1793, 22, 234, 54, 65, 2767, 311
178, -373, 731, 1489, 1700, 40, 243, 43, 69, 2792, 315
179, -433, 817, 1294, 1591, 42, 256, 37, 73, 2817, 319
180, -476, 917, 1215, 1595, 34, 254, 34, 76, 2843, 323
181, -440, 918, 1193, 1569, 27, 250, 35, 78, 2868, 326
182, -405, 964, 1205, 1596, 21, 251, 39, 80, 2893, 330
183, -373, 980, 1251, 1632, 18, 245, 43, 82, 2918, 335
184, -239, 955, 1236, 1581, 25, 243, 49, 84, 2942, 339
185, -199, 1012, 1163, 1554, 33, 246, 51, 87, 2969, 345
186, -117, 1124, 1104, 1580, 33, 244, 51, 90, 2993, 350
187, -34, 1160, 1108, 1605, 26, 242, 48, 93, 3018, 355
188, 98, 1182, 1168, 1665, 21, 232, 36, 95, 3041, 359
189, 192, 1136, 1247, 1698, 19, 235, 17, 96, 3064, 360
190, 127, 1063, 1319, 1699, 25, 242, -2, 99, 3089, 360
191, -47, 1007, 1259, 1613, 40, 255, -17, 102, 3114, 358
192, -229, 1025, 1121, 1536, 48, 265, -23, 107, 3141, 356
193, -327, 1014, 1061, 1504, 45, 266, -22, 111, 3167, 354
194, -420, 972, 1023, 1473, 44, 260, -16, 115, 3193, 352
195, -434, 1011, 994, 1483, 37, 248, -6, 118, 3218, 351
196, -404, 1041, 1096, 1564, 22, 243, 9, 120, 3243, 352
197, -320, 1031, 1217, 1627, 16, 240, 22, 122, 3267, 355
198, -337, 1010, 1336, 1709, 22, 237, 35, 124, 3290, 358
199, -135, 944, 1397, 1692, 45, 232, 47, 128, 3314, 363
200, 62, 864, 1337, 1593, 68, 237, 42, 134, 3337, 367
201, 153, 693, 1082, 1295, 99, 255, 19, 143, 3363, 369
202, -32, 629, 770, 995, 110, 282, 2, 154, 3394, 369
203, -329, 814, 544, 1033, 94, 271, -1, 163, 3421, 369
204, -406, 1028, 560, 1239, 33, 234, 13, 166, 3444, 371
205, -185, 939, 950, 1349, -34, 207, 34, 163, 3465, 374
206, 94, 761, 1318, 1525, -47, 193, 38, 158, 3484, 378
207, 290, 700, 1519, 1697, -22, 204, 33, 156, 3505, 381
208, 338, 776, 1471, 1697, 20, 227, 20, 158, 3528, 383
209, 266, 913, 1215, 1543, 58, 243, 6, 163, 3552, 384
210, 177, 1031, 937, 1405, 70, 258, -2, 170, 3578, 384
211, 51, 1110, 767, 1350, 67, 263, -8, 176, 3604, 383
212, -36, 1142, 626, 1303, 62, 263, -11, 181, 3631, 382
213, -156, 1137, 478, 1243, 59, 258, -9, 187, 3657, 381
214, -184, 1218, 384, 1291, 47, 244, 0, 191, 3681, 381
215, -165, 1316, 343, 1371, 21, 230, 9, 193, 3704, 382
216, -164, 1427, 439, 1503, -23, 215, 20, 191, 3726, 384
217, -30, 1389, 743, 1575, -63, 199, 24, 185, 3746, 386
218, 73, 1235, 1067, 1634, -78, 191, 15, 178, 3765, 388
219, 84, 1122, 1341, 1751, -67, 191, 0, 171, 3786, 388
220, -54, 1048, 1517, 1844, -39, 197, -16, 168, 3806, 386
221, -217, 931, 1551, 1823, -3, 213, -20, 167, 3827, 384
222, -450, 867, 1349, 1666, 47, 236, -13, 172, 3851, 383
223, -585, 986, 1025, 1539, 78, 244, 0, 179, 3878, 383
224, -659, 1159, 695, 1504, 78, 249, 15, 186, 3903, 384
225, -691, 1218, 542, 1502, 56, 238, 28, 191, 3926, 387
226, -632, 1187, 524, 1443, 29, 223, 40, 193, 3949, 391
227, -563, 1137, 664, 1432, 9, 214, 46, 194, 3970, 396
228, -470, 1118, 828, 1469, 0, 213, 49, 194, 3992, 401
229, -439, 1053, 939, 1478, -4, 215, 47, 194, 4013, 406
230, -410, 962, 1050, 1482, -5, 213, 43, 193, 4034, 410
231, -380, 933, 1148, 1528, -2, 214, 35, 193, 4056, 413
232, -378, 903, 1252, 1590, 5, 215, 22, 194, 4077, 416
233, -341, 852, 1281, 1576, 20, 225, 4, 196, 4100, 416
234, -468, 882, 1241, 1593, 32, 242, -9, 199, 4124, 415
235, -688, 933, 1153, 1635, 36, 248, -9, 202, 4149, 414
236, -811, 1029, 1079, 1697, 31, 245, 5, 205, 4174, 415
237, -825, 1111, 1131, 1788, 13, 231, 30, 206, 4197, 418
238, -633, 1028, 1286, 1765, 0, 218, 50, 206, 4219, 423
239, -373, 875, 1402, 1695, 4, 211, 56, 206, 4240, 429
240, -211, 788, 1401, 1622, 17, 219, 52, 208, 4264, 434
241, -159, 857, 1310, 1574, 31, 227, 39, 211, 4287, 438
242, -148, 969, 1182, 1536, 30, 235, 29, 213, 4310, 441
243, -161, 1013, 1132, 1528, 24, 237, 22, 216, 4334, 444
244, -138, 1014, 1108, 1509, 24, 237, 22, 218, 4358, 446
245, -100, 1042, 1061, 1491, 25, 240, 27, 220, 4382, 448
246, -22, 1060, 1003, 1460, 28, 237, 29, 223, 4406, 451
247, 72, 1108, 922, 1444, 31, 232, 25, 226, 4429, 454
248, 105, 1154, 848, 1436, 25, 227, 18, 228, 4452, 456
249, 87, 1166, 841, 1440, 16, 221, 10, 229, 4474, 457
250, 31, 1122, 934, 1460, 6, 214, 3, 230, 4495, 457
251, 20, 1045, 1064, 1492, 5, 210, 2, 230, 4516, 458
252, 52, 1016, 1154, 1539, 18, 214, 1, 232, 4538, 458
253, 66, 982, 1092, 1470, 36, 221, 0, 235, 4560, 458
254, 44, 1038, 922, 1389, 49, 231, -4, 240, 4583, 457
255, -34, 1142, 789, 1389, 49, 229, -9, 244, 4606, 456
256, -132, 1204, 771, 1436, 40, 221, -10, 248, 4628, 455
257, -155, 1210, 859, 1493, 30, 216, -4, 251, 4652, 455
258, -182, 1191, 976, 1551, 31, 216, 3, 254, 4674, 455
259, -209, 1163, 1043, 1576, 42, 218, 9, 257, 4696, 456
260, -256, 1081, 1010, 1502, 59, 228, 17, 263, 4718, 458
261, -218, 1039, 922, 1406, 70, 228, 27, 269, 4741, 460
262, -90, 981, 897, 1333, 68, 222, 24, 275, 4763, 463
263, 4, 778, 912, 1199, 62, 226, 10, 281, 4786, 464
264, -74, 604, 820, 1021, 64, 246, 0, 287, 4811, 464
265, -224, 637, 722, 988, 54, 251, 0, 292, 4836, 464
266, -267, 710, 687, 1024, 36, 240, 5, 295, 4860, 464
267, -203, 769, 758, 1099, 10, 220, 14, 296, 4882, 466
268, -95, 849, 904, 1244, -9, 200, 16, 295, 4902, 468
269, 85, 904, 1111, 1435, -20, 197, 15, 293, 4922, 469
270, 176, 898, 1229, 1532, -13, 209, 9, 292, 4943, 470
271, 268, 895, 1216, 1534, 19, 226, 2, 294, 4966, 470
272, 232, 1023, 918, 1395, 53, 246, -4, 299, 4990, 470
273, 151, 1223, 627, 1383, 61, 252, -8, 304, 5015, 469
274, 128, 1330, 486, 1422, 46, 243, -9, 309, 5042, 468
275, 105, 1357, 492, 1448, 20, 223, -18, 311, 5065, 466
276, 58, 1266, 678, 1437, -6, 205, -26, 310, 5085, 463
277, 34, 1100, 947, 1452, -13, 195, -35, 309, 5105, 460
278, -27, 1030, 1024, 1453, -4, 201, -46, 308, 5125, 455
279, -174, 994, 1023, 1437, 3, 216, -53, 309, 5146, 450
280, -437, 1002, 1015, 1492, 11, 224, -55, 310, 5169, 444
281, -574, 1026, 991, 1537, 17, 220, -51, 311, 5191, 439
282, -639, 1044, 988, 1573, 17, 221, -44, 313, 5213, 435
283, -741, 1034, 992, 1614, 17, 222, -43, 315, 5235, 430
284, -851, 968, 1040, 1657, 16, 219, -39, 316, 5257, 426
285, -914, 840, 1047, 1624, 22, 217, -29, 318, 5279, 424
286, -964, 815, 1003, 1613, 22, 217, -15, 320, 5301, 422
287, -968, 743, 976, 1563, 17, 217, 0, 322, 5322, 422
288, -892, 730, 899, 1462, 15, 216, 18, 323, 5344, 424
289, -776, 750, 840, 1367, 8, 214, 37, 324, 5366, 428
290, -595, 812, 815, 1296, -3, 201, 51, 323, 5386, 433
291, -364, 883, 861, 1285, -17, 190, 53, 322, 5407, 439
292, -169, 939, 969, 1360, -25, 190, 42, 319, 5426, 443
293, -79, 950, 1020, 1396, -20, 200, 25, 317, 5446, 445
294, -93, 985, 952, 1373, -7, 214, 8, 317, 5467, 446
295, -172, 1074, 831, 1369, -4, 226, -1, 316, 5490, 446
296, -258, 1148, 789, 1417, -15, 229, -7, 315, 5513, 445
297, -314, 1103, 890, 1452, -32, 223, -10, 312, 5535, 444
298, -277, 979, 987, 1417, -33, 229, -11, 309, 5558, 443
299, -320, 914, 910, 1329, -12, 240, -16, 308, 5582, 441
300, -416, 1024, 749, 1335, -4, 246, -17, 308, 5607, 440
301, -535, 1102, 653, 1388, -14, 238, -14, 306, 5631, 438
302, -560, 1059, 720, 1398, -30, 223, -8, 304, 5653, 437
303, -478, 988, 863, 1397, -38, 220, 0, 300, 5675, 437
304, -462, 950, 933, 1410, -39, 230, 3, 296, 5698, 438
305, -455, 877, 962, 1379, -32, 235, 4, 294, 5721, 438
306, -459, 917, 930, 1385, -18, 237, 4, 292, 5745, 439
307, -521, 1019, 841, 1421, -11, 237, 12, 291, 5769, 440
308, -544, 1062, 823, 1450, -14, 228, 28, 289, 5794, 443
309, -462, 1069, 877, 1458, -21, 216, 45, 287, 5816, 447
310, -348, 1035, 980, 1467, -25, 211, 59, 285, 5837, 453
311, -245, 966, 1035, 1437, -16, 201, 70, 284, 5857, 460
312, -146, 969, 1022, 1416, -7, 191, 78, 283, 5878, 469
313, -9, 1007, 1027, 1439, -2, 187, 80, 283, 5897, 477
314, 72, 987, 1039, 1435, 6, 194, 76, 283, 5916, 485
315, 90, 928, 965, 1342, 25, 208, 66, 285, 5937, 491
316, 33, 939, 795, 1231, 47, 226, 58, 290, 5960, 497
317, 48, 1006, 648, 1198, 55, 234, 53, 295, 5983, 503
318, 19, 1088, 480, 1190, 48, 228, 47, 299, 6006, 507
319, 26, 1135, 404, 1205, 20, 205, 41, 301, 6027, 511
320, 30, 1137, 504, 1244, -27, 183, 37, 299, 6045, 515
321, 10, 1064, 739, 1296, -60, 168, 34, 293, 6062, 519
322, 52, 946, 1030, 1399, -69, 151, 26, 287, 6077, 521
323, 158, 888, 1226, 1522, -48, 156, 18, 282, 6093, 523
324, 72, 1060, 1261, 1650, -9, 175, 3, 282, 6110, 523
325, -75, 1264, 1165, 1720, 11, 189, -1, 283, 6129, 523
326, -221, 1375, 1044, 1741, 18, 195, 0, 284, 6149, 523
327, -303, 1397, 1006, 1748, 19, 193, 2, 286, 6168, 523
328, -328, 1377, 1005, 1736, 27, 191, 6, 288, 6187, 524
329, -335, 1307, 966, 1660, 38, 199, 12, 292, 6209, 525
330, -364, 1254, 845, 1555, 50, 204, 18, 296, 6230, 527
331, -346, 1217, 713, 1452, 54, 198, 21, 301, 6249, 529
332, -334, 1195, 611, 1383, 46, 201, 23, 305, 6270, 532
333, -392, 1131, 602, 1340, 30, 205, 25, 308, 6290, 534
334, -434, 1030, 652, 1294, 18, 204, 29, 310, 6311, 537
335, -468, 909, 750, 1268, 11, 203, 37, 311, 6331, 541
336, -458, 826, 830, 1258, 13, 202, 44, 312, 6351, 546
337, -407, 823, 870, 1265, 23, 206, 46, 314, 6372, 550
338, -404, 823, 845, 1247, 31, 216, 45, 317, 6394, 555
339, -414, 859, 796, 1243, 34, 222, 44, 320, 6416, 559
340, -402, 920, 790, 1278, 30, 220, 43, 323, 6438, 564
341, -322, 925, 830, 1284, 16, 216, 40, 324, 6459, 568
342, -261, 907, 933, 1327, 6, 220, 39, 325, 6481, 572
343, -215, 826, 1033, 1340, 5, 226, 37, 325, 6504, 575
344, -164, 770, 1093, 1347, 17, 231, 33, 327, 6527, 579
345, -120, 857, 1079, 1383, 29, 230, 24, 330, 6550, 581
346, -113, 845, 1079, 1376, 23, 235, 13, 332, 6576, 583
347, -158, 809, 1087, 1364, 17, 238, 0, 333, 6600, 583
348, -245, 723, 1096, 1336, 18, 248, -11, 335, 6625, 581
349, -404, 693, 1083, 1348, 26, 254, -14, 337, 6650, 580
350, -555, 641, 1029, 1333, 39, 253, -3, 341, 6676, 580
351, -633, 728, 935, 1344, 53, 241, 17, 346, 6700, 581
352, -536, 947, 864, 1390, 51, 215, 39, 350, 6721, 585
353, -408, 1006, 850, 1379, 28, 208, 58, 353, 6742, 591
354, -273, 986, 936, 1387, 10, 200, 72, 354, 6762, 598
355, -82, 941, 1007, 1381, 7, 190, 72, 355, 6781, 606
356, 94, 866, 1016, 1338, 20, 186, 57, 357, 6800, 611
357, 153, 837, 945, 1272, 39, 195, 39, 360, 6820, 615
358, 144, 855, 810, 1187, 54, 215, 21, 365, 6841, 618
359, 45, 883, 668, 1108, 59, 233, 11, 370, 6864, 619
360, -58, 958, 499, 1082, 55, 239, 5, 375, 6888, 619
361, -72, 1062, 383, 1131, 49, 227, 1, 380, 6911, 619
362, -54, 1199, 290, 1235, 35, 214, -5, 383, 6932, 619
363, -142, 1277, 263, 1311, 5, 209, -6, 383, 6956, 618
364, -264, 1330, 323, 1394, -23, 197, 0, 381, 6975, 618
365, -306, 1380, 460, 1487, -59, 182, 14, 376, 6994, 620
366, -197, 1292, 770, 1517, -90, 163, 27, 368, 7010, 622
367, -65, 1006, 1082, 1479, -86, 156, 32, 360, 7026, 626
368, -48, 896, 1168, 1473, -49, 151, 35, 356, 7041, 629
369, 23, 968, 1117, 1478, -9, 147, 50, 355, 7056, 634
370, 182, 1113, 1026, 1525, 14, 151, 63, 356, 7071, 640
371, 330, 1176, 941, 1542, 20, 166, 67, 358, 7087, 647
372, 455, 1075, 921, 1487, 22, 180, 61, 360, 7105, 653
373, 524, 890, 867, 1349, 41, 192, 43, 364, 7125, 658
374, 556, 823, 706, 1219, 69, 203, 19, 370, 7145, 660
375, 480, 847, 478, 1085, 88, 223, 0, 378, 7167, 660
376, 339, 915, 303, 1022, 84, 233, -8, 386, 7191, 659
377, 127, 979, 198, 1007, 63, 226, -6, 391, 7213, 658
378, 39, 973, 189, 992, 33, 195, 8, 394, 7233, 659
379, 208, 929, 293, 996, 6, 163, 24, 395, 7249, 661
380, 439, 859, 412, 1049, -5, 141, 27, 394, 7265, 664
381, 610, 944, 549, 1251, -6, 131, 13, 394, 7278, 666
382, 677, 1155, 760, 1539, -9, 121, -15, 393, 7290, 664
383, 638, 1022, 960, 1541, -3, 120, -37, 393, 7302, 660
384, 511, 738, 994, 1340, 27, 146, -41, 395, 7317, 656
385, 359, 672, 822, 1121, 65, 165, -34, 401, 7333, 653
386, 260, 755, 550, 970, 89, 175, -20, 409, 7351, 651
387, 162, 857, 263, 911, 93, 158, -4, 417, 7367, 650
388, 275, 947, 59, 988, 69, 120, 5, 424, 7379, 651
389, 428, 997, -32, 1086, 38, 103, 1, 427, 7389, 651
390, 479, 1136, -24, 1234, -7, 100, -12, 427, 7399, 650
391, 381, 1149, 207, 1229, -58, 93, -28, 421, 7409, 647
392, 310, 982, 432, 1117, -80, 89, -26, 414, 7418, 644
393, 324, 855, 569, 1077, -76, 88, -22, 407, 7426, 642
394, 249, 859, 675, 1121, -58, 89, -15, 402, 7435, 640
395, 107, 887, 727, 1152, -37, 72, -1, 399, 7442, 640
396, 185, 892, 759, 1186, -15, 43, 17, 397, 7447, 642
397, 447, 994, 664, 1276, 5, 37, 27, 398, 7451, 645
398, 552, 1135, 625, 1408, 9, 37, 23, 399, 7455, 647
399, 598, 1120, 606, 1407, 10, 29, 11, 400, 7458, 649
400, 566, 1032, 567, 1307, 15, 20, 1, 401, 7460, 649
401, 496, 1004, 508, 1230, 22, 13, -4, 403, 7461, 648
402, 406, 1021, 425, 1178, 28, 20, -7, 406, 7463, 647
403, 310, 1032, 315, 1123, 31, 30, -9, 408, 7466, 647
404, 222, 1030, 212, 1075, 29, 34, -5, 411, 7470, 646
405, 185, 1024, 133, 1049, 21, 22, 2, 413, 7472, 646
406, 256, 1055, 153, 1096, 12, 4, 5, 414, 7472, 647
407, 393, 1032, 212, 1125, 1, 4, 1, 414, 7473, 647
408, 386, 990, 278, 1099, 0, 21, -8, 414, 7475, 646
409, 253, 988, 270, 1056, 5, 34, -13, 415, 7478, 645
410, 156, 948, 208, 983, 13, 33, -12, 416, 7482, 644
411, 121, 954, 107, 967, 20, 35, -4, 418, 7485, 643
412, 49, 1004, -19, 1006, 20, 34, 1, 420, 7489, 643
413, 6, 1044, -118, 1050, 10, 24, 6, 421, 7491, 644
414, 107, 1101, -88, 1110, -10, 9, 10, 420, 7492, 645
415, 269, 1054, 112, 1094, -26, 1, 6, 417, 7492, 646
416, 343, 1025, 217, 1103, -23, 4, -4, 415, 7493, 645
417, 312, 994, 270, 1077, -17, 27, -7, 414, 7495, 645
418, 208, 995, 216, 1039, -1, 39, -6, 414, 7500, 644
419, 188, 1039, 143, 1066, 7, 33, -7, 414, 7503, 643
420, 207, 1095, 54, 1116, 11, 26, -8, 415, 7506, 642
421, 187, 1198, -16, 1213, 4, 15, -9, 416, 7507, 641
422, 185, 1255, 11, 1269, -17, 4, -13, 414, 7508, 640
423, 177, 1162, 127, 1182, -28, 0, -17, 412, 7508, 638
424, 122, 1076, 192, 1100, -26, 4, -18, 409, 7508, 636
425, 33, 1046, 217, 1069, -19, 5, -13, 407, 7509, 635
426, 31, 1066, 214, 1088, -11, 3, -5, 406, 7509, 635
427, 57, 1052, 214, 1076, -7, 4, -2, 406, 7510, 634
428, 53, 1004, 178, 1021, -2, 7, 1, 406, 7510, 634
429, 91, 1002, 103, 1012, 3, 7, 5, 406, 7511, 635
430, 130, 1030, -3, 1038, 3, 1, 4, 406, 7511, 635
431, 134, 1061, -57, 1071, -7, -10, 0, 405, 7510, 635
432, 142, 1061, -17, 1071, -20, -19, -3, 404, 7508, 635
433, 116, 1052, 96, 1063, -30, -22, -9, 401, 7506, 634
434, 60, 1031, 230, 1059, -32, -17, -9, 398, 7504, 633
435, -23, 937, 302, 985, -19, -10, -2, 396, 7503, 633
436, -15, 962, 251, 994, -1, -5, 9, 396, 7503, 634
437, 83, 1022, 140, 1035, 7, 2, 18, 397, 7503, 636
438, 133, 1098, 49, 1107, 4, 5, 14, 397, 7503, 637
439, 144, 1114, 26, 1124, -6, 5, 7, 397, 7504, 638
440, 120, 1090, 75, 1100, -12, 0, 2, 395, 7504, 638
441, 84, 1062, 145, 1075, -12, -6, 0, 394, 7503, 638
442, 85, 1046, 182, 1066, -8, -11, 2, 394, 7502, 638
443, 104, 1021, 169, 1040, -1, -8, 2, 393, 7501, 639
444, 89, 1030, 113, 1040, 4, -4, 0, 394, 7501, 639
445, 40, 1060, 48, 1061, 3, -4, -2, 394, 7500, 638
446, 36, 1078, 54, 1080, -3, -6, -2, 394, 7500, 638
447, 64, 1045, 113, 1053, -7, -10, -3, 393, 7499, 638
448, 68, 998, 153, 1012, -5, -11, -2, 393, 7498, 638
449, 85, 1010, 110, 1019, 0, -11, -1, 393, 7496, 638
450, 80, 1059, 65, 1064, -1, -12, -4, 393, 7495, 637
451, 52, 1075, 63, 1078, -6, -15, -8, 392, 7494, 636
452, 36, 1056, 131, 1064, -12, -16, -13, 391, 7492, 635
453, 2, 1030, 195, 1048, -12, -11, -15, 390, 7491, 633
454, -65, 1017, 215, 1042, -8, -4, -11, 389, 7490, 632
455, -104, 1023, 201, 1048, -3, -3, -3, 389, 7490, 632
456, -96, 1037, 164, 1055, 1, -4, 6, 389, 7490, 632
457, -41, 1056, 121, 1063, 2, -8, 11, 389, 7489, 634
458, 27, 1078, 120, 1085, 0, -11, 12, 389, 7488, 635
459, 54, 1058, 115, 1066, 0, -11, 8, 389, 7487, 636
460, 57, 1085, 131, 1094, 0, -15, 6, 389, 7485, 636
461, 101, 1083, 149, 1098, 0, -15, 5, 389, 7483, 637
462, 119, 1060, 149, 1077, 0, -9, 3, 389, 7482, 637
463, 129, 1049, 125, 1064, 3, -4, 1, 389, 7482, 637
464, 122, 1062, 82, 1072, 4, -2, -3, 390, 7482, 637
465, 79, 1061, 69, 1066, 0, -2, -8, 390, 7482, 636
466, 47, 1056, 103, 1062, -3, -3, -11, 389, 7481, 635
467, 0, 1053, 144, 1063, -5, -3, -11, 389, 7481, 634
468, -26, 1028, 174, 1043, -2, -4, -8, 388, 7480, 633
469, -1, 1021, 151, 1032, 3, -2, -2, 389, 7480, 633
470, 2, 1046, 104, 1051, 5, -1, -1, 389, 7480, 633
471, -7, 1041, 78, 1044, 1, 0, 0, 389, 7480, 633
472, -22, 1044, 77, 1047, -1, -1, 0, 389, 7480, 633
473, -15, 1035, 120, 1042, -4, -2, 1, 389, 7480, 633
474, 0, 1029, 142, 1038, -4, -3, 3, 388, 7479, 633
475, 15, 1033, 165, 1046, -3, 0, 5, 388, 7479, 634
476, 20, 1022, 156, 1035, 0, -1, 7, 388, 7479, 634
477, 45, 1030, 126, 1038, 3, 0, 9, 388, 7479, 635
478, 58, 1031, 83, 1037, 4, 0, 8, 389, 7479, 636
479, 50, 1045, 48, 1047, 1, 1, 7, 389, 7479, 637
480, 45, 1061, 48, 1063, -2, 0, 6, 389, 7479, 638
481, 71, 1060, 100, 1067, -6, -1, 4, 388, 7479, 638
482, 98, 1037, 145, 1051, -6, 0, 4, 388, 7479, 639
483, 111, 1031, 156, 1048, -2, 0, 3, 387, 7479, 639
484, 100, 1032, 110, 1043, 1, 1, 1, 387, 7479, 639
485, 58, 1063, 76, 1068, 1, -1, 0, 388, 7479, 639
486, 59, 1063, 84, 1068, -3, -2, -2, 387, 7479, 639
487, 32, 1039, 107, 1045, -5, -1, -3, 387, 7479, 638
488, 3, 1034, 127, 1042, -3, -4, 0, 386, 7479, 638
489, 60, 1041, 143, 1053, -2, -6, 0, 386, 7478, 638
490, 96, 1023, 141, 1037, 0, -2, -1, 386, 7478, 638
491, 59, 1019, 110, 1026, 2, 0, -3, 386, 7478, 638
492, 23, 1033, 86, 1037, 0, 1, -4, 386, 7478, 637
493, 4, 1037, 83, 1040, -2, 1, -4, 386, 7478, 637
494, -13, 1034, 109, 1040, -5, 0, -2, 386, 7478, 637
495, -6, 1022, 143, 1032, -5, -5, 0, 385, 7477, 637
496, 37, 1023, 148, 1034, -3, -6, 2, 385, 7477, 637
